.Random.seed <-
c(403L, 10L, -475788746L, 1233044081L, -316573533L, -1151561230L, 
-1713536700L, -138241529L, -1904203811L, 549617876L, 1989681146L, 
813635397L, 507204511L, -638011098L, 499796400L, 16024147L, -1338774159L, 
-791724896L, 124656702L, 899830601L, -331750917L, -787561014L, 
1440516908L, 471081775L, -1431954971L, -130464612L, -1552830222L, 
-1786967699L, -1033935193L, -1174222642L, -866712024L, 909774379L, 
903578697L, 272053592L, 1189293062L, 326061537L, -771885197L, 
-419310622L, 657308500L, -643951017L, 1296068173L, -158547484L, 
-376366134L, -538091979L, 354002063L, -968946282L, 998142272L, 
169151491L, -732565983L, -1869129456L, 266032878L, 1285237401L, 
1180877611L, -1508037094L, -1345076004L, -2098308897L, 1453962933L, 
1180659788L, 13151394L, 190569469L, -1935562505L, 741109278L, 
-1736138536L, 219350075L, -517984807L, 665312104L, 1344591510L, 
-1992257519L, -621530685L, -1130824238L, -372755356L, -282598489L, 
58969341L, 1909532916L, -458424358L, -10890459L, -72760769L, 
364456390L, 271531600L, 1751020147L, 1199572625L, 1780285120L, 
1941047454L, -306273175L, 1788121243L, 2097910186L, 769305036L, 
1572848783L, -854401851L, -843346820L, -2029600558L, -387702707L, 
1483471111L, -857412370L, -1880996408L, 173419211L, -309636311L, 
-513379464L, -645535578L, -1434504511L, -956349613L, -180891646L, 
948976948L, -605522249L, 1926367917L, -1850291260L, -805874710L, 
-1880335275L, -486096401L, 793446902L, -214839520L, 619954403L, 
761214337L, 2062980080L, 1028119182L, 407432697L, 817729419L, 
1487342522L, 54293180L, 760769023L, -1683376299L, -880226196L, 
-1571224382L, -555258083L, -1746033257L, -837004034L, -363053384L, 
-404643685L, 1942998777L, -1680392120L, 1602556790L, 1623623345L, 
-1433516317L, -1494043214L, 93625860L, 959419719L, -576548835L, 
1805153940L, 497794618L, -417312635L, 1250235743L, -2045985306L, 
-801844112L, -439810157L, 1976553521L, 2076417760L, -1981851778L, 
-101331447L, 797713979L, 1481537546L, -1766938644L, 1743260783L, 
-1470176347L, 1898382172L, 948514610L, -340845011L, 1963545831L, 
-1835477490L, 700140520L, 1181660651L, 37871241L, 426577432L, 
1098253638L, -1236733023L, -1920385485L, -1114262622L, -117356908L, 
381306135L, -1775271155L, 1196044836L, 1169029642L, 773751669L, 
-1124841777L, -233682474L, 952542592L, -568320573L, 2081930081L, 
1697325520L, -1021265618L, 757432537L, -414590229L, 1394919258L, 
178766108L, -341985L, -1989110667L, -586182388L, 1562803426L, 
1729729981L, -730684873L, 1562226910L, 824179736L, -1219697797L, 
-527068391L, -993579096L, -815583402L, -30140463L, -1348746365L, 
-1824643566L, 1881817508L, -1425148569L, 123534013L, 2118548020L, 
-289537638L, -1128407579L, 577091967L, 1638437126L, 1175251600L, 
880753459L, -1841676079L, 131060352L, -689175714L, 1301328041L, 
1541985115L, -738434710L, 74187788L, 1027433551L, 462902533L, 
-1404758596L, -1804754798L, -472591475L, -93609017L, 722426030L, 
1269487880L, -1477122293L, 1458037225L, -1760860488L, 1698091366L, 
205525505L, -4174701L, -52270868L, -1857402820L, -1410879630L, 
1012223600L, -789124060L, 394157880L, -1679856486L, -962407728L, 
197546172L, -1801081196L, 713961090L, 1765580992L, 1535027004L, 
-462417776L, -1187205598L, 1127263240L, 1919716620L, -1993003876L, 
-507563502L, 1235612544L, 1904301588L, -2055115224L, -387523270L, 
1032457680L, -1531484052L, 665634100L, -413308270L, 712839008L, 
-1854148788L, -519682080L, 2147384226L, -949462104L, 372767116L, 
-1799947076L, -636903054L, 789481712L, 288585796L, 688694616L, 
722946618L, 714952560L, -230872004L, 1498653460L, 568935874L, 
513142496L, 1536715644L, -1295404336L, -37253982L, 1378050088L, 
1564080396L, -943404100L, 930225458L, 1022853568L, -1720165836L, 
110030792L, 1255300282L, -1686376048L, 1177240044L, -1769171372L, 
-2012031854L, -397122784L, -1840602676L, -1979492896L, -545405246L, 
-1611675608L, 1553299116L, 533881020L, -1899373070L, 1666575664L, 
-60177244L, 1250482872L, 1584093530L, -1336292976L, -804288644L, 
184510740L, -747462846L, -1269321984L, 656221116L, -1379650736L, 
1316101922L, -1463032504L, 1788161548L, 861362268L, 1739165906L, 
-685322752L, 1009094996L, -1821409816L, -1759216646L, 1060248784L, 
-2105108180L, 2008770292L, 439483794L, 755654752L, -1302481652L, 
-235971872L, -1114423966L, 924574376L, -1391646132L, 891581820L, 
-1966024398L, 1802103920L, 1789971268L, 1706672600L, 2106430586L, 
29648432L, -1467530564L, 1168212L, -1249497022L, -176690784L, 
-1162529092L, -465584688L, 61168994L, -1656576024L, 1765552076L, 
-1497767172L, 19576306L, -1624945536L, 2029574388L, -1220879736L, 
-1173009606L, 1259775824L, -1886315924L, 915585172L, -1326710446L, 
560404192L, -625834292L, 940738720L, 82724738L, 562996968L, 528690924L, 
-361492420L, -1931794830L, 1462547568L, 160647716L, -66234312L, 
-374681574L, -411932976L, 1955970108L, 284101780L, 57182338L, 
2100080576L, -1644267204L, 1067718288L, 918061090L, -2023475192L, 
-296596340L, 312595484L, 472361618L, -496242560L, -1177988076L, 
-814135000L, -1761342918L, -1419340592L, 124654700L, 388759220L, 
884934674L, 1965393888L, 1023218636L, -1399558688L, 319087138L, 
-715850456L, 1033901324L, 1237880380L, -692977422L, 1811877616L, 
-1597780156L, -2077942184L, -1123943878L, -1210622224L, 1083486396L, 
-713809388L, -1445387070L, 1313199200L, 388603260L, 106545360L, 
1680045090L, -1674522968L, -937024628L, -1326760516L, -2008273870L, 
-435894464L, 1425200308L, 387032904L, -332596550L, 1332944656L, 
1328532716L, -1580100524L, -1275687150L, -866318432L, 548221900L, 
2127979360L, -2099637054L, 1455388200L, -1043917396L, 742869820L, 
-2030635150L, 1730295600L, 2006406692L, 1444418616L, 1027780826L, 
-115276400L, -1305220356L, 407552916L, 1915324226L, -757871104L, 
1473410620L, -728516016L, -238770526L, -176028856L, -1686605300L, 
-1905661732L, 1591388754L, 946712704L, 1804864340L, -168421912L, 
2006638330L, 934914896L, -2076779476L, 25880948L, -1994606958L, 
-1514041760L, 143312524L, 2133501792L, 1122732770L, 1416597672L, 
170552524L, -1207492100L, -1430843470L, 1742779998L, -1993788148L, 
551137501L, 813104615L, 1974609424L, 823769902L, 688594907L, 
-1611341635L, -808711638L, -1625196856L, -482380815L, 1788687715L, 
-1328083612L, -1215123310L, 782771559L, 1586347825L, -1761643402L, 
-2004234860L, 1677859237L, 404730543L, -1070763160L, -125186234L, 
1080538867L, 2064717909L, 1114842162L, 1540784640L, 1424585449L, 
1547364699L, 202113964L, -856825926L, -1303815825L, -292736263L, 
-748668018L, -795392420L, 56693965L, 495205431L, -1321462080L, 
117412254L, -970282389L, 1053454829L, 496861274L, 1939754776L, 
-552643455L, 1736258099L, -1928179628L, -363555742L, 860764919L, 
1947379009L, -1501879354L, -523550460L, -1303396171L, 106499999L, 
688996344L, 1991504342L, -900970397L, -595076059L, -2868286L, 
-803090256L, 1025850585L, -1768318389L, 826554556L, -1161847062L, 
788360991L, -1465094231L, -1649252034L, 649179180L, 1087651453L, 
1204461767L, 488410544L, 382928846L, -1171866373L, -620582051L, 
2012786826L, 962248360L, 352608785L, -604564733L, -1219484156L, 
-2118896078L, -601430393L, -86545711L, -1335927722L, 1510691892L, 
-1457645755L, -435110513L, -987042552L, -884240602L, 647245779L, 
462700853L, 1919744146L, 387872864L, -1503506999L, 610321659L, 
839494348L, -1026355366L, 167680591L, 1661345561L, 1804777774L, 
1773259580L, 1862987949L, 348427095L, -13453664L, 24387582L, 
-271714613L, 1336604877L, 2049629178L, 535382072L, 2045407713L, 
-958211437L, 922423476L, -768048702L, -2025330217L, -968108511L, 
-485175834L, -1363704604L, -856884203L, -88556481L, -1266543656L, 
-808008202L, 288450051L, 1152581957L, 28550498L, 165639888L, 
451875321L, 1989079339L, 761584284L, 1057272010L, -604735041L, 
2089733385L, -1405465058L, -497577012L, 62931357L, 271449127L, 
-443440560L, -461869330L, 819570587L, -722561539L, -1381496598L, 
257768328L, -84687L, 129953187L, 1377302948L, 1303043154L, -1890187353L, 
-2015341583L, 942008118L, 1781744596L, -1815107227L, -1940195985L, 
549193640L, -473436922L, 690058291L, -1453288811L, -1391516942L, 
