.Random.seed <-
c(403L, 360L, 1132518362L, 861990609L, -788278369L, -1163499403L, 
207948770L, 1510631621L, -1777181360L, 1314363300L, -694110329L, 
551023851L, 1385710750L, -1906451013L, -26091222L, 1447842144L, 
-1012060895L, 907695500L, 1400340326L, -253539393L, 1411737125L, 
1559534860L, 1764170235L, -1429599369L, 1939961739L, -1110354225L, 
-1415906346L, 673948497L, 1078888975L, 228414461L, 1923357435L, 
-553313098L, -2140495858L, 2004480967L, 1829422236L, -1365053415L, 
1470506860L, -18744450L, -1619672052L, 1379098890L, -1253906429L, 
1298489912L, -304356180L, -289146654L, -1195148306L, -949495766L, 
1333680023L, 572465889L, 226456753L, 1182495779L, -1376014771L, 
-1921465601L, 1152172087L, 1259582935L, -1886539752L, 198209311L, 
1072776922L, -1662741975L, 419400346L, -553078174L, 1686708454L, 
303688778L, -1358505629L, 917134745L, 1976243960L, 1664761244L, 
1245153047L, 563531475L, 891853036L, 589566061L, 1975064195L, 
-1227668591L, -936025415L, 630723535L, -55197193L, 1956310701L, 
-1684398075L, 1957684047L, -891358227L, 1349146354L, 1010320786L, 
-1921968124L, 2125031051L, 1037567433L, -132147654L, 638801870L, 
-1340663680L, -2007041461L, -1070782590L, -456115621L, -796668427L, 
888318457L, -632746157L, 1746623991L, 942053078L, 594426102L, 
1474113269L, -2031217363L, -1083050216L, 1692300315L, 1430042455L, 
-696423042L, 1097904277L, 898783504L, -395857674L, 612077208L, 
383296871L, 395594459L, 208169413L, 1563884215L, -528112394L, 
1875924872L, -626163811L, 764143946L, 1584618874L, 1388731811L, 
-857847353L, -1700218489L, -866187259L, 113720102L, -1390980537L, 
-1698263802L, 877811673L, -1694725936L, 536531435L, 1927996262L, 
1632510030L, 358627649L, 1207034176L, -851124435L, -842121803L, 
-1762116878L, -2966813L, -812784288L, -272579776L, -1841929859L, 
-1099590619L, -1645785246L, -803017629L, -946290084L, 868844573L, 
-1213623000L, -393011841L, 1409553822L, -967374111L, 280013470L, 
-2031368195L, 790245349L, -1652381307L, 1788521360L, -1861339489L, 
991252145L, -74387923L, 545548400L, -1389053950L, 682391587L, 
407443766L, 1353757976L, -318394186L, 1475321112L, 1556880580L, 
-1814008520L, -1880136204L, -1679481494L, 1718298823L, -1031126656L, 
-2068098037L, -2066955009L, -750103390L, 853694464L, 1498938411L, 
1272380378L, -1995962432L, 280298975L, -32699401L, 907811281L, 
-605135704L, -1499840175L, -1211847079L, 171056456L, 2008598963L, 
-1409289645L, 523211392L, -984733713L, 616751751L, 867163436L, 
-1315088100L, 1235139753L, 188054416L, -297911498L, -1415866495L, 
-1377907199L, 733700952L, 466120511L, 1779540584L, -326839108L, 
-643884590L, -915947622L, -2035944524L, -1995665584L, -588787349L, 
-1441991467L, -1401808896L, -2029889463L, -572956037L, -969469510L, 
-798819466L, -750623650L, -1585707825L, -1481857050L, -420268518L, 
362579887L, 1278499928L, 32773050L, -974961059L, -511979482L, 
-517879215L, -1551350319L, 737981257L, 258896073L, 732699983L, 
448876024L, 2125452654L, -715558475L, -320821664L, -1576298910L, 
-763549250L, -823241412L, 597271142L, 1396046714L, -752499765L, 
1818865484L, -1292453143L, 899050296L, -908126363L, -1388021139L, 
1502620753L, -1266784264L, 1642218970L, -1638318815L, -1964399261L, 
-1011863122L, -675100004L, 1223308265L, 968448608L, 2075177603L, 
-279582648L, -657616298L, -396462198L, -307650963L, -1069352794L, 
-2111968462L, 435337292L, 518736050L, 237449109L, -1648201877L, 
1810731116L, 1284939378L, 227288196L, -1564102992L, 951451168L, 
1869528808L, -1571647021L, 1157527433L, -1950656126L, -811124345L, 
-700373320L, -2039685532L, -844175057L, -1917941968L, -1193181872L, 
684137833L, 303392514L, 497204783L, 1207813122L, 1227790956L, 
-1740930001L, -1089619523L, -1703366730L, 1126261398L, 298050432L, 
-486248773L, -1419358311L, 268634294L, -1051357027L, 535293173L, 
269740641L, -1842562765L, -2010431765L, 961815475L, -1954325755L, 
-796406658L, 1955141636L, -1855599441L, 1639596017L, 1605277764L, 
-1865549768L, -335905228L, -1971423507L, -542553009L, -509743255L, 
-950623693L, 313623999L, -880117750L, -1366330246L, 1288472201L, 
-1426632767L, 1358220041L, 1009614162L, -541054725L, 798008276L, 
304175801L, 1768901676L, 476886361L, 1791003659L, 1034414786L, 
185137916L, 1016320999L, 1322184158L, -1673041301L, 1906051081L, 
-117608698L, 1298782629L, -1771559834L, -1670774844L, 975282160L, 
448707331L, -814120071L, -380540311L, 865728128L, 396748078L, 
-725243586L, 1763228333L, 1796689575L, -1362715216L, -1115312439L, 
618961223L, 1446809436L, 1292247054L, -1405505848L, -1395183636L, 
711542749L, -1042908586L, 494991906L, -311900162L, 568996910L, 
152280061L, 1711221995L, 662440914L, 93690619L, -916581236L, 
1715592456L, -638269503L, -589335206L, 1368821098L, 1176567731L, 
-205035268L, 473900086L, 1393099385L, -1042219353L, -2116354209L, 
1476191241L, -1281651323L, -834648258L, 2113389014L, -220632741L, 
-420497935L, 2089785925L, -2127457202L, -1045737215L, -42068869L, 
43867670L, 2034775208L, 821943522L, 343372937L, 1685805696L, 
-644639271L, -2116737980L, -2118514108L, -992327614L, -798866562L, 
1749396414L, -1866780086L, 759158593L, 826865066L, -1809113784L, 
1206653359L, 1051063989L, 359645148L, 1527586183L, 1316884993L, 
167381547L, -1883903728L, 493393562L, -1513170093L, -670310309L, 
-2126448801L, -1017495496L, 673451714L, 2126438402L, 1009139574L, 
403398355L, 2132148348L, 980603139L, -964203027L, 1289659531L, 
735886098L, -792662145L, 1338045751L, -1037763639L, -1304779677L, 
1260581533L, -746585923L, 979746817L, 1543619051L, 158109563L, 
-961372664L, -1071604820L, -2126706726L, 309245633L, 415523552L, 
738477438L, 150038873L, -25428360L, -325609448L, 1597564517L, 
-2011313171L, 171072605L, 1465983038L, -1150218247L, 1815732214L, 
1681394540L, 1147231209L, 1135888984L, -1199207L, -1909072273L, 
615173550L, -1552726651L, 1999617650L, 2093816649L, 2147422288L, 
-4731156L, -325872120L, 105943285L, 653860852L, 206598164L, -570221212L, 
-858071643L, 193724328L, -1333940112L, -1854746869L, -1476461102L, 
72019748L, 1969257662L, -1308966848L, -1739837953L, -1271610067L, 
998700476L, -619692210L, 1483779728L, 1556699011L, -218275984L, 
-829581331L, 1573401378L, -1453112029L, 372173993L, 1604432876L, 
1880770939L, 1186502239L, -134704388L, -1151891004L, 606183928L, 
-100420817L, -928852197L, 1415907523L, -1446405908L, 460722364L, 
-2007389251L, 351303196L, -1991814034L, 1623374763L, -1859291937L, 
2029234940L, -1550541182L, -633893458L, -1222338801L, 993842601L, 
-171438217L, -1784152229L, -1500177960L, 364098585L, -1928456365L, 
793484269L, 1334568914L, 1636088279L, -1680891690L, 956804845L, 
1442459052L, -920085794L, 1240266550L, 553001206L, -394368566L, 
1972074217L, -1394721452L, 1821785436L, 1690548766L, -1861859538L, 
-641425401L, 1117956775L, 315982103L, 71585282L, -827734504L, 
69596246L, 1043099093L, 43902617L, 19494225L, -919137059L, -1939731214L, 
-53138900L, 2036316389L, -1225582805L, -1857174600L, -1140365447L, 
82808181L, -1560984960L, -604141348L, 1930755637L, -722880767L, 
1053486769L, 1971519368L, 1306990021L, -1536417809L, -620513043L, 
-1072425446L, 1820959885L, -578764225L, 733412217L, 458272590L, 
287688382L, -1756259848L, 1536074420L, -254771346L, 1757801998L, 
-26945343L, -1732122659L, -1695653538L, -501453234L, 20240172L, 
-534193275L, -820292917L, 60796139L, 959601573L, -191877067L, 
-1845940047L, -2118132780L, -1794643706L, -378927337L, 1275515944L, 
635214249L, -1727421914L, 100574632L, 1643882659L, 1655542273L, 
-2060087605L, 823894380L, -1265318962L, 1703997402L, -1207081333L, 
256673605L, -1603286746L, 2101589351L, 1939846641L, 643979664L, 
-534237209L, 311169101L, 217213903L, -677501453L, 364361832L, 
2075521663L, -1834102584L, 1443100896L, 1785310422L, 975381966L, 
1143338391L, -39441045L, 1076314107L, -1753473673L, 1553165157L, 
464255752L, -105241267L, 545022675L, -342370295L, 1079039099L, 
-1613409648L, 16552657L, 2010843977L, -564079709L, 1319839015L, 
163750384L, -598009134L, -1634502247L, -111172241L, -2007556833L, 
