.Random.seed <-
c(403L, 20L, 940376075L, -1625845446L, -1636954052L, 1770854271L, 
-1869337387L, -1013772052L, -1757246910L, 1499221405L, -94799849L, 
-872088194L, 157000504L, -1565410277L, -722401927L, -405359672L, 
1738391542L, -1050181071L, 1636742243L, 326761522L, -1613833852L, 
-1105059897L, -1486761315L, -2006576620L, 46276794L, 1830866181L, 
671921887L, -2121286810L, -1164698896L, 304228883L, 1366082481L, 
201322080L, 1896225790L, -1754061943L, 350864571L, -1876352886L, 
681878380L, 448129263L, -266869979L, -1953976868L, 1570716594L, 
1843110573L, 650254951L, 1958947214L, -1008107928L, -1224570261L, 
1818944521L, -1438795112L, -1596555834L, -912237279L, -174240333L, 
-420361950L, 2073092884L, 1264286615L, -1437473907L, -1594319196L, 
-1513779062L, 1157945077L, -1861916337L, 535381590L, -615351040L, 
458197059L, -137745439L, 1142010704L, 619652526L, 1794386777L, 
653050219L, 1228859610L, -1314700900L, -860787297L, -1870151691L, 
971501196L, 2074495842L, -1097309379L, 844174263L, -1351264162L, 
-1833462376L, -179576581L, 1135336601L, -1765524184L, 1714359254L, 
-1389653935L, -1542741245L, 515445394L, -245620700L, -93188377L, 
-2031983811L, -785851468L, -1051604966L, 1920138085L, -312891905L, 
1741449350L, 1155208208L, 1106560691L, 409138513L, -1718227712L, 
1563490270L, 1146401833L, 9966555L, -1242265366L, 1191134860L, 
1654634959L, -287887995L, 370267708L, 1341668114L, -168650739L, 
-186897593L, 760758574L, -418240376L, 648490379L, -58649239L, 
1153054520L, 410565094L, 1020034433L, -1738002157L, -147681598L, 
-564483724L, 1295700343L, 1270497901L, 546852100L, -120592342L, 
-1044601451L, -1559442897L, 182163254L, 1250461536L, 817761699L, 
-774248767L, -1277206864L, 447502798L, 1534586169L, -1076543157L, 
848118522L, -358034436L, -232434625L, 1371204885L, 1136252460L, 
1640938242L, -1560614947L, 503468759L, 1248161214L, -92682248L, 
-1832238117L, 315211321L, -1306949752L, -1310910666L, -1109801615L, 
1825996707L, 418047730L, -1472213436L, -2045669113L, -1799264035L, 
-715817516L, 1524437242L, -206051259L, -1790988129L, 1442396710L, 
-203723088L, -559213741L, -1203454351L, 1492239264L, -441793730L, 
-1481282999L, -367804677L, 706436810L, -1393033172L, 653735983L, 
924993765L, 1422582172L, 822422514L, 1824667245L, 352551847L, 
559029710L, -856302808L, -1622904533L, 1235135305L, -444665768L, 
1557292294L, 971600097L, -46495629L, 274769122L, 418796628L, 
329046359L, -414647987L, 2034621668L, -1571323702L, -743396043L, 
-486866033L, -934594410L, -1609521088L, -1454370557L, 854244641L, 
439184912L, -1461338642L, -448777831L, 2082897451L, 93046554L, 
1667300828L, 1213359071L, -1158544459L, 2065718604L, -486368350L, 
196711165L, 1381420023L, -137325282L, 1696159704L, -1046656709L, 
840220377L, 387076712L, 570127254L, -2022992111L, 610414787L, 
473125074L, -1449699996L, 1935886503L, -14664195L, -22200332L, 
-497538854L, -1953289691L, -137730241L, -2019965754L, -1736607408L, 
-899085965L, -913804399L, 1568622016L, -1696809058L, 545988969L, 
1125781915L, -474905430L, 1423647436L, 1727806962L, 55731328L, 
-291362316L, -591082872L, -1601971398L, 1747717456L, -1996100500L, 
-975186540L, -1879023534L, 315932128L, 1953928396L, 2058895008L, 
-1692798590L, 942270696L, 807324396L, 775824700L, 1433858162L, 
-2145054096L, -214590940L, 745465912L, -1559508710L, 1451902160L, 
1523910972L, -720997484L, 518342530L, 1399983040L, -1104865732L, 
-2028797552L, 51206178L, -1705749240L, 216410252L, 1827434268L, 
1931908242L, 824169856L, 295428116L, -768391384L, -714324422L, 
1644483024L, 2014148972L, -1296972876L, 357403154L, -1995831328L, 
-1591350836L, 925300960L, 492866594L, 1207931688L, -912164340L, 
388535100L, -225792014L, 2032599792L, 1021663812L, -22167976L, 
-2103969990L, 1939001328L, -1645501764L, -607349484L, -1541530430L, 
-412894112L, -446749316L, -1259528240L, -431558366L, -760015192L, 
662853516L, -1938914116L, 1413462834L, -86104512L, -645962572L, 
518853704L, -89827910L, -825886192L, 2103852268L, 1110384980L, 
1592668946L, 472346016L, -1697162548L, 1126308448L, 676966338L, 
2073064232L, 1080555948L, 991395132L, -681034894L, -899781328L, 
-682875100L, 1900684600L, -450246950L, 793247632L, -1540400388L, 
-305325164L, -313150398L, -964094720L, 1406101564L, -1726096048L, 
2059814050L, 1279494984L, 1759510284L, -2114797860L, 286371666L, 
714856064L, 301045844L, -326736920L, -393286918L, -476293808L, 
1376141100L, 1109697396L, -1808800878L, -1183886752L, -574097524L, 
-415934624L, -420740126L, -1749443672L, 803048652L, -1913882116L, 
-1240508494L, 564028912L, -445872700L, -1016800936L, 461147514L, 
-1352663632L, -1074027588L, 1626943572L, -2033512510L, -1205821408L, 
1564143804L, -1469408688L, -1012086814L, 1900723816L, 817671756L, 
-2116644612L, -458532878L, -1436719872L, -68443276L, 1533927432L, 
2044121530L, -2134827568L, 1018713068L, 822659988L, 1060887506L, 
-1017043104L, -949092020L, 1813492000L, 781184898L, 1126287080L, 
-320153364L, 1875441212L, 511259506L, -872778128L, -2022972380L, 
1240854328L, -1513949030L, 1915285200L, 10898620L, 1040263828L, 
-1352326526L, -352390976L, -1912068804L, 255211664L, -342976990L, 
-2068254200L, -271188724L, 578978460L, -1003538926L, -1857709696L, 
-1239557612L, -274522584L, 1401159994L, -653644848L, 1012010604L, 
-1264934092L, 295690898L, -83614368L, -2065212084L, 1749054432L, 
2127859618L, 1398554536L, 1887348620L, -299693380L, -33701006L, 
-2146498320L, 941642820L, -470108840L, -1937436614L, -1837591696L, 
-1876409284L, 956246804L, -1255443006L, 259927264L, -579707012L, 
374515408L, 226851490L, -1040010200L, -1090494196L, 274979772L, 
293039410L, -1501632576L, 235071028L, -1078332472L, -1885213510L, 
-1002315888L, -1463279124L, -1515584428L, 981375634L, 721972000L, 
799754700L, 581493728L, 1699753666L, -1555487192L, 810253996L, 
2038673084L, 2069451250L, -1567182544L, -844040028L, -818734408L, 
-246290598L, 340270480L, -1707758212L, 1471736084L, -369158846L, 
1149989632L, -1741683780L, 995414864L, -1648784094L, -253953720L, 
-1305711604L, -290831268L, 1096656082L, 1448137728L, 1828656980L, 
-21287019L, 965953727L, 2139371608L, -801543050L, 370996355L, 
113595589L, 334696930L, -1405265840L, 275425657L, 483733163L, 
-1300830692L, 2002096458L, 725582143L, 1656645513L, -468662370L, 
1837831756L, -1822908387L, -1944161881L, 424342736L, 1193178734L, 
1703694619L, 622838397L, -1365436310L, -210197240L, -1661062735L, 
1705952803L, 1409663780L, -1386273838L, -990699481L, -2030552463L, 
-1294339914L, 1282689108L, -785368859L, 1243993327L, -1469605848L, 
-1993823098L, 6645427L, 602908693L, -645838222L, -230811968L, 
-633476311L, -95999589L, 378023532L, 238506618L, -2029956177L, 
43534009L, 1059498190L, 683803164L, 1121372557L, 1196525559L, 
-1419965696L, -568807074L, 710480427L, 812547373L, 1034838426L, 
-567304360L, 1974974145L, -715159181L, 1101849236L, -363931870L, 
1543533111L, -524790015L, -645345786L, -1907919804L, -1057127051L, 
-1714140961L, 1172339768L, 146578454L, 674831395L, -1627436059L, 
-812614142L, 1569379440L, -40197607L, 416549899L, 2002390780L, 
65398570L, -1273132705L, 61358313L, -1978894338L, 1948564460L, 
1514032957L, -298757369L, 523242224L, 841806478L, 908430523L, 
774965405L, 1358664778L, -2018832792L, 1283744337L, -241884861L, 
-1907910588L, -2017584398L, -2111642937L, 833855633L, -2035192298L, 
-1346950028L, -1597380859L, 786801999L, -267774136L, -666099994L, 
2047574035L, -310421643L, -1106831534L, 1278496672L, 21969545L, 
-1615888709L, 1942572300L, -1886785382L, 1685095951L, -970116519L, 
-1135907090L, -804213380L, 29838829L, 49277591L, 167454048L, 
-1747640002L, -688707061L, -883970419L, 779801530L, 1963641336L, 
779818401L, -462918829L, -534740364L, -1332575230L, 1814562455L, 
1890422881L, -657765210L, -1384014684L, 68074837L, -1111525889L, 
151035032L, 434055606L, -403287485L, -1204717691L, -571435998L, 
2041870096L, -1224031559L, -1591822485L, 1961317980L, 1720458122L, 
