.Random.seed <-
c(403L, 10L, -1849970072L, 478532502L, 151795473L, -1142075197L, 
-2008698670L, -2045037212L, -1409046361L, 1596939773L, 1847746548L, 
-1934817062L, 1284327973L, -1284831425L, 1816634566L, 186980688L, 
-427382413L, -1657629807L, 545744320L, -1316839522L, -1512193687L, 
1522987419L, -1077992278L, 289342156L, 956582799L, 2029793221L, 
2073645948L, -1359049774L, -146003123L, 679098887L, 1144875502L, 
93570248L, 917359563L, 1688116777L, 727307384L, 288919974L, 477901761L, 
-1908940717L, 100098L, 1565766196L, 1233053623L, -1005840467L, 
2013971652L, -343783190L, -986329259L, -1281556241L, -1347205386L, 
697995808L, -1585137693L, -2075837311L, -999556368L, 1394708878L, 
375406329L, -1032049525L, -159968070L, -1950445636L, 1705069823L, 
-399851435L, -1456696468L, 480299970L, 468843549L, -182018921L, 
-1304593922L, -1320805960L, -1433070181L, -1911030791L, 640181064L, 
-351654282L, -1515690063L, 942979555L, -701083982L, 1964811012L, 
1809530951L, 1924335389L, 2033597844L, 49054010L, -1813234299L, 
99178079L, 890126566L, -393477264L, 227566739L, -1747795663L, 
-1106737184L, 1698393214L, -2076827895L, -1668497093L, -285612790L, 
-2070184724L, -859141777L, 476221093L, 1119207516L, 272406578L, 
-1641222355L, -631743001L, -2139463410L, 1493223144L, 1113049323L, 
968362377L, -734742248L, -1668830138L, -465767263L, -1495868621L, 
461038242L, 2062948756L, 1030424599L, -724062195L, 2085483812L, 
149557514L, 1552222325L, 161383375L, -1361021738L, 532374656L, 
371186371L, -1566202783L, 816071888L, -131369426L, -1865701415L, 
80807915L, 1734213210L, 650795036L, 1816577311L, -164321931L, 
-1678691316L, -1193437726L, -280254787L, 702505271L, 206302L, 
1937636120L, 1912926843L, 391102489L, -1628079960L, 404699734L, 
1216521937L, -154720637L, 1016495378L, 1801906340L, -12597145L, 
537684413L, -704699596L, 4352154L, -78958875L, 1415284863L, -738115066L, 
1233972624L, -928583629L, -15507503L, -1530890880L, 1491933278L, 
-1257113687L, -1403818405L, -1004801430L, 1010417420L, 237238607L, 
90702341L, 1142575292L, 1854019986L, 1970737805L, -1069588281L, 
-411028050L, 139739144L, -398887925L, -404483863L, -1449553992L, 
935290982L, 530127105L, -223285357L, -403709886L, -760141836L, 
-578817545L, 83244525L, 686880388L, -18446166L, 1602803221L, 
-708089169L, -1379319626L, 1013407456L, 1015792163L, -1787024063L, 
-1953435600L, -456799666L, 1767829177L, 1028430539L, -1773405318L, 
-1557575044L, -1654677825L, 607766421L, -1509974100L, -225976958L, 
-1003265187L, -594530729L, -1132401346L, 712596856L, 1666403931L, 
-815814215L, 1274698760L, 449046198L, 591345137L, -368522205L, 
-611302286L, 2000361156L, 464416903L, -1509174179L, -681207212L, 
-925642630L, -258460731L, 1692345631L, -2116033370L, 863614512L, 
-1898287917L, -979811599L, -1723887072L, -1185934146L, -1954111287L, 
718267003L, 154003530L, -1943709524L, 1079508911L, -1428477083L, 
1319371036L, 1540516210L, 1956411885L, 1141493287L, -1185669554L, 
902726312L, -999227221L, 989678025L, 1688602072L, 52900998L, 
1848449377L, 2114168360L, 1961541292L, -1492848964L, -1043557902L, 
340078896L, -1521076060L, 154000056L, 2055300954L, -1223910000L, 
-1980371588L, -453334764L, -1655909054L, -1151339776L, 226214844L, 
2054247248L, -771175134L, -22005432L, -938824692L, 211076188L, 
1778443474L, 340481024L, 1000249172L, -845579800L, 1676256250L, 
-166829360L, -264270548L, 447735028L, 1024033682L, -1701252000L, 
467151116L, -1543429408L, 1639935330L, -1165703512L, 1600495180L, 
-817224836L, -1936060622L, -1327977872L, 584655172L, -1366124584L, 
-5516166L, -282932688L, -745949508L, 1743157076L, -450173374L, 
1478260640L, 920298684L, 1195483600L, -1269821086L, 1598951400L, 
62002124L, -1969871108L, -1507400718L, 1741024384L, -1334114060L, 
-788922232L, -1751867078L, 1743883088L, 1143963756L, -4440940L, 
-1300019886L, 1318496992L, -1561383732L, 2016875680L, -91589246L, 
-809335576L, -1875172116L, 315201596L, 1788513394L, 1291107440L, 
1702056484L, -120502728L, 748806682L, -805876528L, 1206709820L, 
1021753492L, 1470514306L, -333274176L, -505910980L, -120443248L, 
-696888286L, 644898824L, 396379276L, 1299758108L, -161128302L, 
738483328L, -1701041132L, 775051048L, 2145140794L, -2057963312L, 
1195929708L, 1743554228L, -1753396206L, 603915232L, 812618700L, 
-238978592L, 298567714L, 1242484008L, -2146373364L, 1325937212L, 
-461879054L, -1787015952L, 1990147908L, -912319400L, -655610310L, 
-1783088912L, 529016508L, -339910124L, 1533531330L, 97229408L, 
255594876L, -597414704L, -703516638L, -573975384L, -1067429492L, 
84992444L, 992971826L, -1986244800L, 1142467252L, -22500024L, 
-279546182L, 776837904L, -1455404820L, 1257417812L, 1931608850L, 
-2080117344L, 368555980L, -2072638624L, 1396657346L, 1440686632L, 
774061484L, -738327748L, -939774094L, -802685136L, 1954864164L, 
1601827384L, 190940890L, 123757456L, 807350524L, 853633428L, 
1150892866L, 1330205184L, 2135536700L, 1793903184L, -553487198L, 
1169123144L, 144860684L, 2071795420L, -914956206L, 675377280L, 
1840108372L, -560434200L, 1570665210L, -1358524592L, 2108960812L, 
-532434572L, -1408914798L, 1328009824L, 263347340L, 1846168928L, 
-172236574L, 916453544L, 376726220L, -279083524L, -261130318L, 
1090531312L, -639548L, 1006840152L, 33811834L, -1769120336L, 
-1711580740L, -1592464812L, -1669575230L, 148499232L, 261966780L, 
-1036536752L, -1778747422L, 1246468968L, -1684936884L, -639272196L, 
480654066L, 888131840L, -2069957516L, 612809224L, 1694261690L, 
1897028048L, -856812564L, 1972909972L, -579246894L, 1318465632L, 
1779931468L, -2038022368L, -1923988862L, -677334552L, 1412662252L, 
-1422442948L, -937364878L, 556660592L, 976797988L, -1219690952L, 
-166425190L, 1411241424L, -1608748612L, 1926306452L, 624793218L, 
563255744L, 90709820L, 219621008L, -1116118238L, 254995976L, 
-1722472692L, 166887324L, 689322002L, -271490176L, -1802649836L, 
-1545426648L, -3712966L, -1699772464L, 1354146412L, -1531845580L, 
656223378L, 699209056L, 215925068L, 337986016L, 331036578L, -572055640L, 
8334476L, -1981256772L, 27482793L, -253768130L, -1434418388L, 
585641341L, 175326151L, 1413026480L, 833818830L, -764425733L, 
-1268921763L, 1905845642L, -2080195160L, 1345733393L, -357207549L, 
-1775631100L, 427802930L, 1769754503L, -1597039151L, 340201302L, 
1095183668L, -839097275L, 336432271L, -1998616056L, -976591322L, 
-1206190381L, -1429737419L, 905084818L, 169443168L, -407622967L, 
-1722982917L, -679466548L, -22085542L, -279405233L, -347007975L, 
-1326409170L, -58787780L, 1579642285L, -564162985L, -1192919136L, 
-1054483202L, 689799115L, -248653363L, 546495738L, 1769942840L, 
1855397089L, 577572755L, -1476869196L, 1214113986L, 1060555991L, 
338200865L, -2046721818L, -332208668L, 1843274005L, 894777663L, 
669476056L, -912601866L, 133707523L, 1709363269L, -1659752350L, 
-1544423472L, 57265401L, 1024575019L, 723841436L, 2125042122L, 
1017377471L, -628079607L, 1321432350L, 1783150796L, -594432867L, 
682217767L, -154199216L, -2053872146L, -1028865381L, -1479498499L, 
-938972182L, 839371912L, -551185871L, -1419533149L, 453322916L, 
-1207404206L, 309445799L, 1282171121L, -337995722L, 905955540L, 
893615205L, 1849833071L, 1398036648L, 378242566L, -1957877965L, 
-290733163L, -2137245710L, 1093489728L, 2106961321L, 1675150363L, 
-2053455380L, -1089193478L, -1109598673L, 112003641L, 776668238L, 
1121782940L, 467779085L, -596049289L, -1554763136L, -269793058L, 
102556587L, -400560979L, -1089842918L, -872348200L, -2002837951L, 
921613555L, -796761324L, -1232039262L, 1560529847L, -35502207L, 
1441664390L, 200744900L, -737287435L, -500181153L, -390497864L, 
-937262954L, 679986851L, 400271461L, 17948034L, 973872880L, -1216228711L, 
-1820240245L, -22866052L, -729261654L, -1835961889L, 1435223913L, 
-808751234L, -899467412L, 741239741L, -1678952313L, -391031696L, 
1493774094L, -1833184197L, 1207614237L, -1734602294L, 670522088L, 
-1418654255L, 295747523L, -160937788L, 2096871282L, 423701063L, 
