.Random.seed <-
c(403L, 45L, -1857326882L, 155752851L, 968427213L, 1632205803L, 
501475053L, 98580477L, -1083768L, 729670981L, -660097623L, 341055898L, 
660943157L, 554032464L, -1262686153L, 1967624187L, 989717789L, 
-892325073L, 1731096196L, 890179869L, 1127042920L, -824869203L, 
-1075411493L, -1748388291L, -902489372L, -1635992230L, -438867018L, 
-1876476854L, -1902982595L, -177761935L, -1085346358L, -403557355L, 
-1470755219L, 442940552L, 1255296360L, 842440030L, 1920469663L, 
1164180218L, 1854838751L, -515134903L, -1707948957L, -1380826769L, 
2070028288L, 45454512L, 1735187820L, -1565008123L, 1803457002L, 
-226718832L, 757500777L, -1547966134L, -1286764811L, -2018945787L, 
-1218235813L, -17038910L, -571758906L, 91950881L, 1027063731L, 
2098206137L, 1209629246L, 2033543673L, 1376315000L, 1233494138L, 
-2142222814L, 439719357L, -1142237338L, -1733674546L, -1587367839L, 
-66256332L, 584458286L, 868912989L, 2113830084L, -1132053827L, 
-825660799L, -1132190704L, -576423317L, -831703707L, 1717460535L, 
921917908L, 1920186158L, -1523152070L, -1117157098L, 999548704L, 
274754728L, 140305793L, 1320230958L, -1348731761L, -582501083L, 
599161004L, 8503154L, -174944213L, -387877861L, -653888701L, 
-1112274790L, 609474719L, -1731427062L, 1073569301L, -1015207694L, 
1374937661L, -1984539336L, -1432374157L, -1036352142L, 1832389477L, 
676741798L, 2040406760L, 1342895481L, -313816894L, -987455426L, 
1118367818L, -1303723264L, -1894553194L, 194482207L, -571116581L, 
1916946030L, -1163246024L, -1013442735L, -1805589822L, -1325393407L, 
-139763411L, 2015173668L, 388759462L, 1175956810L, -319998365L, 
21842702L, 693268032L, -1570288400L, -997418380L, 1822141714L, 
-765992460L, -1052390814L, -894715454L, 652415104L, 536615717L, 
-50306504L, -1948234672L, 1871508035L, -1445235737L, -281196659L, 
80012966L, 62065440L, 1832667227L, 1415835898L, -252998467L, 
-633789003L, -416507481L, -472709985L, 1252945362L, 595299452L, 
561082776L, 423987798L, 608290773L, -1735220750L, 1993662106L, 
2116624397L, -412254778L, 1687015893L, 1531203140L, -1314249535L, 
1797737936L, 281290982L, -1544939113L, 1491867309L, 1933930817L, 
308413188L, 811801334L, -883960238L, 851180167L, -1972148176L, 
-1920938557L, -175015961L, -1531456606L, -342547803L, 571205832L, 
1112483929L, 118400694L, -1867316018L, -1017131746L, 1282284651L, 
1132994672L, -175772720L, 1370285542L, -1244800869L, -1455995762L, 
-1131016176L, 459934716L, 2116062901L, 1360582041L, 961654067L, 
-1260462785L, 1683636994L, 149013009L, 1586755615L, -2066960487L, 
-66623946L, 813202692L, 831788563L, -1952149284L, 1532623486L, 
1199248116L, -1623994153L, -945233046L, -5528315L, 1164678255L, 
2110855693L, 3746645L, -303004999L, 1375313706L, -447726035L, 
-505725141L, 605725933L, 404367641L, 472381641L, -1129069022L, 
1778334978L, 393516271L, -1403796797L, 456134040L, 1932015349L, 
2036242797L, -866056326L, 110417995L, -598298319L, -1007614274L, 
446660556L, 1244936358L, 1935332421L, 866713332L, -1026322572L, 
-24187438L, -2129890833L, 2002858262L, 65435233L, 1411551748L, 
-1955971204L, -48040605L, -2065607014L, 1117954777L, -1360385967L, 
-1001630572L, -1442403470L, -536787293L, -392284444L, -682930858L, 
519631875L, -630894163L, 1526488503L, 153909324L, 2040035924L, 
1993434215L, -705068328L, 1487910260L, 1094971669L, -564591686L, 
637626888L, -151719771L, 194121016L, 1590680164L, -237001757L, 
2117259575L, 1096354802L, -1222175606L, 505014911L, -279557881L, 
-1908328906L, 892935741L, -1982368131L, 392936541L, -230053086L, 
245563748L, 91659462L, -1651499387L, 1368169580L, -161134200L, 
-1225394961L, -1987835053L, 1519819051L, -1117874040L, -2060482231L, 
848509758L, 178987550L, 17035261L, -121831106L, -2040826423L, 
1920289334L, -87673141L, -280482067L, 832509671L, -1609271054L, 
442749434L, -1292915825L, 1319263779L, -1475496318L, -1792926349L, 
-999840606L, 518640573L, 1230236276L, -872182387L, 1362945742L, 
96706538L, -902854347L, -3451150L, -592893307L, 2060486905L, 
1093826370L, 1120316746L, -1099233617L, -100274354L, 1657967366L, 
694079004L, 1031897450L, -1913001742L, -1595959928L, -1222403136L, 
1092760419L, -232804635L, -1609296532L, -39741797L, 1750094426L, 
-404702575L, -1429206537L, -1480711817L, 422916748L, 240032739L, 
-310797401L, -367519840L, -264609143L, 1237915075L, -648311832L, 
938776825L, 547016862L, -616694221L, 702795716L, 1085659715L, 
1803356562L, -621335496L, -391128080L, -1120671960L, -122490136L, 
2033718467L, -298265084L, 1340213559L, -258974772L, -1503694730L, 
-31874018L, 1511464796L, -1680608714L, -1523995464L, -1917763590L, 
902209259L, -1976489185L, -52368212L, 1211622962L, 1293763775L, 
325990109L, -901357780L, 1148882279L, 334894298L, -2100859398L, 
910025213L, -483350767L, 1625646686L, 884496867L, 1257421246L, 
867672928L, -281543782L, -126828205L, 1998132850L, -968568209L, 
-1100031447L, -1298444872L, -364560563L, -1257157571L, 84682895L, 
994894477L, -2054930651L, 12738152L, 1927172083L, -1647327794L, 
832472712L, -1319918245L, -1558997625L, 366862797L, 1737654040L, 
-1423558753L, 510879025L, -1933547369L, 1253809307L, -677551345L, 
2082711315L, -1644436675L, 291396554L, 24280757L, -1967079458L, 
-1062286547L, -1067156489L, 874749674L, 1892678692L, 527123987L, 
-876730515L, 5266616L, 1101007153L, -731444618L, 983589715L, 
2032308332L, -979513365L, -1421117415L, -592855630L, 1071618236L, 
1481321454L, 1154502084L, -543693661L, -897899957L, -520612213L, 
1499056151L, 2024443343L, -1932994903L, -1506846391L, -285389206L, 
-785187554L, 1251931844L, 298464059L, 277453184L, 1453238305L, 
-1794761049L, 40897507L, 1557714041L, 373560647L, 988946878L, 
-1586684881L, -423362256L, 670850562L, 945038797L, -1964346083L, 
96925397L, -467497812L, 134776093L, -2093956268L, 599762973L, 
332875856L, -725408652L, 417939075L, 470452912L, -1266021018L, 
-604691154L, 516737886L, -1290564982L, 1939526356L, 1780028046L, 
283568468L, 21466L, -1472600803L, -2058076949L, -1641717673L, 
1880262366L, -1989950835L, 675970792L, 971357341L, 1260542931L, 
965161747L, -201309985L, 464205296L, -1078559671L, -1171787984L, 
-1395014615L, 256278721L, -1046419303L, -1812929066L, -1166507972L, 
1654149978L, 1844816443L, 1434139556L, 1994151689L, -874866655L, 
-192813873L, -2109269129L, 207485647L, -560936508L, -162090844L, 
-1773404615L, -779895505L, 804841768L, -1217603611L, 1729563524L, 
-1126978766L, -519205521L, -550055450L, -1165235371L, -1998427521L, 
1590550909L, -311610938L, 284271232L, -1466148490L, 1904568290L, 
-702281592L, -1305712990L, -153812582L, -24055304L, -1580745646L, 
417253473L, 1208164827L, 1319179296L, 466096884L, 170265283L, 
-1971768456L, 1379520379L, -1110220499L, 590711340L, -1377334289L, 
202671437L, -1800259724L, 1860551796L, -598876116L, -1456198048L, 
2132285401L, 1835991630L, -767807037L, 1527818135L, 1458955320L, 
-777925874L, 1594968075L, 2038260641L, 429489698L, 1221963814L, 
1747610484L, 1754704449L, -1629715195L, -1832837229L, -1408254538L, 
-135750986L, 1202140536L, -1222526614L, -1170138313L, -60517589L, 
-1913739961L, -952407086L, -295863010L, -1581689714L, -2828812L, 
1544858221L, -747787453L, 83286384L, 1713692669L, 689391946L, 
-1399955437L, -2054443164L, 1439033108L, -696041935L, 1650574975L, 
462135564L, -435787092L, 2040324020L, 1819876613L, -1904331009L, 
-1451002805L, -1109514251L, 294396581L, 2070057985L, -983233870L, 
1388208709L, 29759829L, -998688037L, 797430491L, 1965412094L, 
440182367L, -1118711004L, -1558008765L, -1089281343L, -1510435516L, 
1839754942L, -161910849L, 1899983475L, 1156765697L, 974623032L, 
1884074069L, -316837045L, -1151397835L, 97503546L, 1294435642L, 
846398462L, 205427656L, -983364720L, -551952456L, 2044228066L, 
703879855L, 421764333L, -581280104L, 1235339261L, 432515059L, 
-336316901L, 1295350042L, -1869418887L, 9629740L, 1305457989L, 
2078705995L, -1181498428L, 766151255L, -768579738L, 1711939679L, 
1388056660L, 1947310135L, -2059255898L, 1272385228L, -1982316010L, 
-1768165409L, 644065216L, 445241921L, 722396517L, -748246180L, 
