.Random.seed <-
  c(
    403L, 10L, 1608170693L, -880681441L, -1903380058L, 1184299824L,
    1807178195L, -1808621583L, -572823264L, 1693521854L, 47790025L,
    1381816187L, 162139466L, -1948882516L, -1744649041L, 1686388325L,
    -27433444L, -530663310L, -471417107L, -636263641L, 733134670L,
    -1953106008L, -1221557333L, -804798263L, -1844442920L, 307574150L,
    -1133237151L, 480271859L, 1616485474L, 1050008276L, 311012311L,
    -1596595763L, 1561458020L, -1818459830L, -1595627339L, -2142715889L,
    -737314538L, 367780800L, 29241219L, 397024673L, 115360144L, -43808146L,
    372550681L, -2033864533L, 1408914586L, -845192100L, 79520095L,
    -1059945675L, 1823246028L, -640478174L, 1192945277L, -1917109385L,
    390984862L, 208384856L, -523602245L, -281896871L, 1320651752L,
    -38793706L, 1684738449L, -690470333L, 149832018L, 1200428516L,
    -879739865L, -1706424195L, -450701964L, -1052534438L, -1541730395L,
    -1041059905L, -1700486074L, 373359312L, -1505932045L, -863802863L,
    271100992L, -1486913506L, 1725603561L, -905470949L, -1476545494L,
    -1676638388L, 1027128591L, 44638277L, -723695108L, -928118702L,
    -2047266355L, -490597497L, 290076270L, 1637676616L, -1679404981L,
    -296404567L, -1387989768L, 2088468518L, -1824353983L, 722906835L,
    1686935170L, 961649844L, -1533811657L, 825198381L, -1282538428L,
    -370071190L, -479476267L, -1742183569L, 471726710L, -1985544800L,
    1454172771L, -1231734015L, -2110557584L, -931844594L, 925673081L,
    -1519955445L, -36631750L, -1293782468L, -2102709889L, -460711211L,
    487750380L, -446067646L, 697639837L, -395986409L, 939032446L,
    653118776L, 753003035L, 1726280569L, 1315440072L, 1314454006L,
    -1722962895L, -277074333L, -922865102L, 2095480708L, -448885305L,
    832062621L, 1862632468L, -1672109382L, 535962373L, -1238066977L,
    -345800346L, 1663436016L, -2132946925L, -735373903L, -2138689440L,
    -1119953410L, -1916712567L, -1166991685L, -1295951222L, -192445076L,
    -672439569L, 1201814821L, -1961776164L, -304469582L, -622933843L,
    1592162407L, -1864413298L, -1760602008L, 777372779L, 1551633929L,
    -1733095272L, 924793798L, -1983680735L, -329303117L, -1968770270L,
    -104495852L, -127531625L, 568499597L, -528466780L, 1081417354L,
    -1462004491L, -30643377L, -458419114L, -575351040L, 680030787L,
    -1465579039L, 60788048L, 708207534L, -311213735L, 481107819L,
    1122127578L, 119062428L, -2084510817L, -553301515L, 742157452L,
    -1698974366L, -1092941507L, -1715248713L, 1273923166L, -912584808L,
    -342769925L, 991901337L, -1668014296L, 21583318L, -191129007L,
    1458376963L, -130872174L, -552451548L, -478102297L, 1495249213L,
    -16112204L, -502539750L, -1330077339L, 1463676927L, 1166870150L,
    -316490224L, -989428557L, 1694662481L, -1301990656L, -1124431394L,
    1632784937L, -1044168229L, -421728534L, -1069278068L, 876118991L,
    -70255739L, 323041340L, -462276334L, -1086624243L, 1177460039L,
    1567029038L, -2000663928L, -1372718197L, -128345239L, -1588734664L,
    -1397524506L, -835154047L, 1248110355L, -537300798L, -1265300620L,
    -1026148489L, 1297666157L, -86298876L, -2051936726L, -1946434667L,
    1306642479L, 236667190L, -2135538540L, -1257633662L, 301587904L,
    1843183420L, -2126057328L, -900699358L, 1420565000L, 332130572L,
    -1408271972L, 1565886994L, -1325031552L, -630158572L, 2144637224L,
    1811912762L, 1954798544L, -1367650708L, 1122865716L, -3823982L,
    -2013164192L, -617977524L, 1835000800L, -1068904030L, 1573509544L,
    1527092876L, 362319292L, 270623346L, -1435808784L, 985985604L,
    -149041064L, -337148870L, -392596368L, -983157700L, 781997332L,
    -971818302L, 1932850912L, 421907580L, -1309517104L, 1477233058L,
    -1967776728L, -1592109300L, -1811259972L, -880437454L, -821453120L,
    -947912652L, -1978564920L, -69400390L, -1799605616L, -1523917076L,
    -1875670444L, -1409823086L, -1001927392L, 1644742092L, 285064928L,
    -1773919038L, -1610818520L, -980671572L, -1184977220L, -662710286L,
    -2053428688L, 790758308L, 470719928L, -1006198950L, 1107517584L,
    -535089284L, 1450997012L, -1043752638L, 1805579520L, 831386044L,
    97686864L, -643555038L, -212086200L, -903703540L, -454176164L,
    -2072078894L, 2025852416L, -1460848300L, -1413448472L, 673851642L,
    919292624L, -1845297364L, 1080038644L, -1176883822L, -1545125536L,
    1193594892L, 54720736L, -1026242974L, 162422952L, 1392087116L,
    590129020L, 1237364018L, -84890000L, 1379485508L, 260578264L,
    1384376186L, 415376432L, -451074116L, 519948884L, -1172445118L,
    -1391724896L, -1516997956L, -1954979888L, -718970526L, 2013899496L,
    -293237556L, -1482933764L, -1222159886L, 95840384L, -1253073420L,
    1889381000L, -794294470L, -589508272L, -1543311252L, -468494956L,
    -1792990126L, -2068712992L, 38035660L, -767497568L, 937372034L,
    -1519866648L, 496415468L, 1633249596L, -2065390478L, 1674374768L,
    1611400740L, 1973860408L, 889554202L, -1063001904L, -491446980L,
    -2050769004L, -1637716094L, 1576796096L, 1556940348L, 955578768L,
    -1037757406L, 2035300616L, -1497475956L, 1116939036L, -464516974L,
    252590464L, -1726186476L, 1709838120L, 328922682L, 217260496L,
    -1933872788L, 1182996404L, 1429761554L, 396825568L, -567585332L,
    -1016515360L, 688668706L, 1286235944L, 315876876L, 449905468L,
    -47967246L, 2068171504L, -94737852L, 350684760L, 831399738L,
    1590379504L, 840423100L, 1420309780L, -1433988926L, 1132510304L,
    -480863876L, -1775114288L, -2052503262L, -397672792L, 435071884L,
    2056785084L, 1627742002L, -256642496L, 254502068L, 1409799240L,
    -1307158086L, -1789669872L, -1711195924L, 2079467860L, -768358638L,
    -63511136L, -1568126260L, 1289668192L, 938766274L, 1623687976L,
    2036374956L, 210669884L, 1441058674L, 748183856L, -991461596L,
    1861408056L, 1702558426L, 735909776L, -627707140L, 1846574996L,
    939718722L, -1108202240L, -1775842244L, 1921621328L, 712337570L,
    769984328L, -1839212788L, -413828388L, -1012743342L, 569057920L,
    -291141548L, -113566744L, -1120725254L, -1806620336L, -1613683924L,
    35452788L, 1319555986L, -879577504L, -1616699508L, 767886176L,
    -920557598L, 117780392L, -1742570292L, 1473326588L, 2125728690L,
    1452190192L, -1396479548L, 1493266776L, 780903802L, 26112432L,
    -1123086404L, 286666836L, 1274807234L, -1573411808L, -1131730616L,
    631479665L, 1541626595L, -2081820188L, -1579893486L, 63008999L,
    1467270833L, -28017418L, -2095161580L, -1301940187L, -515375825L,
    94556904L, 2073194438L, -196275597L, 1714607317L, 870495922L,
    1408085632L, 976541289L, -1427850533L, 1329579564L, 938559034L,
    996245743L, 2089962361L, -1382610930L, 884469212L, -1843601843L,
    -496468553L, -380153024L, -655547874L, 543859947L, -2050298771L,
    1051315418L, 1860506776L, 1440879361L, 1022785715L, -831237164L,
    -977678622L, -1975890057L, -1792257343L, 1265558086L, -1742418556L,
    2086236981L, -769199841L, 1761695864L, -1463597738L, 673938403L,
    -1781869147L, 554416194L, -2132380112L, 1735347801L, -1027881013L,
    -1806837700L, 282273386L, 349551775L, -1765126871L, 1804908990L,
    -1380804436L, 1954643453L, -707025593L, -1403494864L, 1835976526L,
    1421048699L, 1022303453L, 418376970L, 1843370024L, 441199761L,
    312858755L, -340567676L, 1873782706L, 1410705671L, -899019951L,
    2099264214L, -616037452L, 1747975109L, 282073871L, 1256466824L,
    -1632588634L, -417702829L, 120495541L, 1936249618L, 1169195232L,
    1934427465L, -1972488325L, -1442737588L, 1409162202L, 970559951L,
    994297753L, -1962115154L, 1691632828L, -1185465043L, -215535913L,
    -655329504L, 1773207678L, -1773943221L, 1110858829L, 71975546L,
    156547768L, 1564618849L, -1470393837L, 1202485300L, -760580542L,
    485188183L, 35836321L, 852513382L, -1619078556L, 1365934485L,
    344341183L, 643375704L, 1087575670L, 1644464771L, -1680535867L,
    2145246178L, -1328589232L, 671769465L, -118978389L, -1017831396L,
    -599429302L, -1493924033L, -1906017911L, -236729954L, 1704460364L,
