"JofF.VAR.data.1dec93"<-
structure(.Data = list(input = structure(.Data = c(0, 0.25999999046325861, 
	1.8399999141693133, 0.53000009059906183, 0.12999999523163019, 
	-0.12999999523163019, 0.26999998092650834, -0.80000007152557018, 
	-0.78999996185302912, -0.51999998092651722, 0.51999998092651722, 
	-3.1299999952316284, -0.50999999046325684, 0.25000000000000089, 
	0.7799999713897714, -0.51999998092651545, 0.12999999523162842, 
	0.38999998569488703, 0.90999996662139715, 0.39000010490417303, 
	-0.13000011444091619, 0.53000009059906006, 0, -0.39999997615814387, 0, 
	1.049999952316286, -0.25999999046326039, -0.52999997138976696, 0, 
	0.13999998569488525, 0, 0.12999999523162842, -0.39999997615814387, 
	-0.39000010490417125, -0.51999998092651367, 0, -0.38999998569488703, 0, 
	-0.12999999523162664
	, -0.51999998092651545, -0.12999999523162842, 0.25999999046325684, 
	0.25999999046325684, -0.25999999046325684, 0.25999999046325684, 0, 
	-0.27999997138977317, 0, 0.049999952316288621, 0.57000005245208651, 
	0.4700000286102286, 0.049999952316285956, -0.049999952316285956, 
	0.30999994277954279, 0.47000002861022949, 0.30999994277954102, 
	0.62999999523163019, 0.62999999523162842, 0.11000001430511119, 
	0.32000005245209096, -0.11000001430512363, 0.3199999332428014, 
	-0.10999989509581809, -0.050000071525580836, 0, 0.39999997615813854, 
	0.30000007152558084, 0.14999997615814209, 2.6499999761581403, 
	-0.94999992847442094, 0.50000000000000178, -0.25, 0, 1.2999999523162789,
	0.20000004768372115, -3.4500000476837211, -0.50000000000000178, 
	-0.89999997615813854, 0.049999952316280627, 0.25, 1.4500000476837194, 
	1.1499999761581385, 4.2500000000000036, -0.50000000000000355, 
	-0.099999904632571912, -0.15000009536742809, 0.5, 1.5, 
	0.20000004768372293, 2.0499999523162806, 0.95000004768371937, 
	-2.6000001430511475, -0.79999995231629129, -3.3999999761581403, 0.25, 
	-0.75, 0.10000002384185791, 1.1500000953674263, -0.65000009536742454, 
	0.10000002384185791, 1.4499999284744227, -1.3999999761581403, 
	-1.4499999284744209, -1.1000000238418632, -1.6499999761581385, -0.5, 
	-0.70000004768372115, -0.20000004768371937, -0.54999995231628063, 
	-0.20000004768371582, 0, 0.050000071525575507, -0.050000071525575507, 
	0.050000071525575507, 0, -0.050000071525575507, 0, 0.20000004768371582, 
	0.35000002384185969, -0.050000071525575507, 0.04999995231628418, 0.75, 
	0.15000009536743342, 0.74999999999999822, 0.59999990463256836, 
	0.85000002384186324, -0.69999992847442982, -0.10000002384185969, 
	-0.55000007152557373, -0.89999997615813854, -0.69999992847442982, 
	-0.45000004768371582, 1.7499999999999947, -0.60000002384184903, 
	-0.85000002384186146, -0.19999992847442449, -0.14999997615814387, 
	-0.35000002384185613, -0.10000002384185969, -0.14999997615814031, 
	-0.24999999999999822, 0.35000002384185436, 0.39999997615814387, 
	1.3500000238418579, 0.84999990463256658, -0.84999990463256658, 
	-1.7500000000000018, -0.45000004768371582, 0.10000002384186146, 
	-0.10000002384186146, -0.10000002384185791, -0.049999952316282403, 
	0.10000002384185613, -0.15000009536743164, 0, -0.8999999165534982, 
	-0.050000011920926291, -0.50000000000000089, 1.2500000000000009, 
	0.14999997615814031, 0.14999997615814209, 0.75, -0.049999952316282403, 
	0.39999997615814031, -1.0499999523162842, 0.19999992847442627, 
	0.2000000476837176, -0.24999999999999822, -0.10000002384186146, 
	0.10000002384186146, 0.35000002384185436, 0.099999904632568359, 
	0.20000004768371582, 0.20000004768371582, 0.64999997615814209, 
	0.35000002384185969, -0.10000002384185969, 0.60000002384185791, 
	0.099999904632568359, 0.30000007152557373, 0.29999995231628773, 
	0.64999997615813854, 0.20000004768371582, -0.12999999523162487, 
	-0.16999995708465754, 0, 0.049999952316278851, 0.019999980926519001, 
	-0.0099999904632603887, 0.029999971389770508, 0.0099999904632586123, 
	0.25000000000000711, 0.85000002384185613, -0.03999996185302912, 
	0.28999996185302912, 0.26999998092650834, -0.24000000953673961, 
	-0.25999999046326039, -0.51999998092650834, -0.42999994754791793, 
	0.03999996185302912, -0.34000003337860285, -0.49000000953673961, 
	-1.0099999904632604, -0.71999990940093994, -0.15000009536743164, 
	-0.34999990463256836, -0.56000006198883057, -0.16999993801116986, 
	-0.0099999999999997868, -0.15000000000000036, -0.12000022888183537, 
	-0.49999977111816385, -0.41999999999999993, -0.020000000000000462, 
	-0.49000000000000021, 0.29999999999999982, -0.019999999999999574, 
	-0.55999999999999961, -0.5600000000000005, -0.46999999999999975, 
	-0.37999999999999989, -0.44000000000000039, 3.120000000000001, 
	-1.7000000000000011, 2, -1.0999999999999996, -0.58000000000000007, 
	-0.58999999999999986, -0.58000000000000007, 0.020000000000000462, 
	-0.55000000000000071, -0.35999999999999943, -0.44000000000000039, 
	0.52999999999999936, 0.11000000000000032), .Tsp = c(1974.0833333333333, 
	1993.6666666666665, 12), .Dim = c(236, 1), .Dimnames = list(c(
	"1974.083", "1974.167", "1974.250", "1974.333", "1974.417", "1974.500", 
	"1974.583", "1974.667", "1974.750", "1974.833", "1974.917", "1975.000", 
	"1975.083", "1975.167", "1975.250", "1975.333", "1975.417", "1975.500", 
	"1975.583", "1975.667", "1975.750", "1975.833", "1975.917", "1976.000", 
	"1976.083", "1976.167", "1976.250", "1976.333", "1976.417", "1976.500", 
	"1976.583", "1976.667", "1976.750", "1976.833", "1976.917", "1977.000", 
	"1977.083", "1977.167", "1977.250", "1977.333", "1977.417", "1977.500", 
	"1977.583", "1977.667", "1977.750", "1977.833", "1977.917", "1978.000", 
	"1978.083", "1978.167", "1978.250", "1978.333", "1978.417", "1978.500", 
	"1978.583", "1978.667", "1978.750", "1978.833", "1978.917", "1979.000", 
	"1979.083", "1979.167", "1979.250", "1979.333", "1979.417", "1979.500", 
	"1979.583", "1979.667", "1979.750", "1979.833", "1979.917", "1980.000", 
	"1980.083", "1980.167", "1980.250", "1980.333", "1980.417", "1980.500", 
	"1980.583", "1980.667", "1980.750", "1980.833", "1980.917", "1981.000", 
	"1981.083", "1981.167", "1981.250", "1981.333", "1981.417", "1981.500", 
	"1981.583", "1981.667", "1981.750", "1981.833", "1981.917", "1982.000", 
	"1982.083", "1982.167", "1982.250", "1982.333", "1982.417", "1982.500", 
	"1982.583", "1982.667", "1982.750", "1982.833", "1982.917", "1983.000", 
	"1983.083", "1983.167", "1983.250", "1983.333", "1983.417", "1983.500", 
	"1983.583", "1983.667", "1983.750", "1983.833", "1983.917", "1984.000", 
	"1984.083", "1984.167", "1984.250", "1984.333", "1984.417", "1984.500", 
	"1984.583", "1984.667", "1984.750", "1984.833", "1984.917", "1985.000", 
	"1985.083", "1985.167", "1985.250", "1985.333", "1985.417", "1985.500", 
	"1985.583", "1985.667", "1985.750", "1985.833", "1985.917", "1986.000", 
	"1986.083", "1986.167", "1986.250", "1986.333", "1986.417", "1986.500", 
	"1986.583", "1986.667", "1986.750", "1986.833", "1986.917", "1987.000", 
	"1987.083", "1987.167", "1987.250", "1987.333", "1987.417", "1987.500", 
	"1987.583", "1987.667", "1987.750", "1987.833", "1987.917", "1988.000", 
	"1988.083", "1988.167", "1988.250", "1988.333", "1988.417", "1988.500", 
	"1988.583", "1988.667", "1988.750", "1988.833", "1988.917", "1989.000", 
	"1989.083", "1989.167", "1989.250", "1989.333", "1989.417", "1989.500", 
	"1989.583", "1989.667", "1989.750", "1989.833", "1989.917", "1990.000", 
	"1990.083", "1990.167", "1990.250", "1990.333", "1990.417", "1990.500", 
	"1990.583", "1990.667", "1990.750", "1990.833", "1990.917", "1991.000", 
	"1991.083", "1991.167", "1991.250", "1991.333", "1991.417", "1991.500", 
	"1991.583", "1991.667", "1991.750", "1991.833", "1991.917", "1992.000", 
	"1992.083", "1992.167", "1992.250", "1992.333", "1992.417", "1992.500", 
	"1992.583", "1992.667", "1992.750", "1992.833", "1992.917", "1993.000", 
	"1993.083", "1993.167", "1993.250", "1993.333", "1993.417", "1993.500", 
	"1993.583", "1993.667"), "R90")),