.Random.seed <-
c(403L, 10L, -1608186052L, -1254705646L, 558699789L, 1921728071L, 
1683670062L, -346674808L, -1632776053L, -829543831L, -741804488L, 
-1459745050L, 1520364161L, 246576659L, 361636290L, -319796620L, 
-1765921673L, 619943277L, -1489769980L, -1333966550L, 1981554325L, 
846279983L, -2030088138L, 540640352L, -279975261L, 1124105665L, 
-1110058576L, 1282738382L, -1428670919L, -870389685L, 2031188474L, 
1157444860L, 1071208767L, 1960539669L, -1554873044L, 1755883010L, 
1200037085L, 438577111L, 1989751486L, -1658288904L, -1901946149L, 
-617225927L, 2113135752L, 52495414L, 967811185L, 1040331427L, 
1235781618L, -779228348L, -1355586553L, -1310408227L, 419864276L, 
-1739210246L, -518329019L, 1949931935L, -1660499162L, -705154128L, 
666927187L, 131119985L, -1510757728L, 666435134L, -1952795319L, 
-46355461L, 808701898L, -1896914644L, 1314749743L, 1132782565L, 
255646364L, -2038931726L, -1332908179L, 429754535L, 1839925966L, 
-787113944L, 209159211L, 1333044809L, 1390759768L, 2320902L, 
-1773005855L, -475418253L, -492158494L, -1258228396L, 1768574039L, 
763998285L, -1078381596L, 1197830602L, 1190934581L, 1237014159L, 
1547782038L, -284103872L, -129038845L, -231064543L, 473427728L, 
-471677714L, 1218366617L, 1854409003L, 1575657498L, -588375332L, 
440568543L, -73493323L, 446562892L, 104197794L, -1285720579L, 
-406593801L, -436660194L, 2085100248L, 1056673339L, 1830493145L, 
-1264285336L, 250011798L, 1779383825L, 1516074947L, -203838510L, 
-2119797148L, 806561191L, -850691331L, 724836084L, -537077286L, 
-686277339L, 443706431L, 1211251654L, 388315216L, 94827635L, 
1618761873L, 274032832L, 1281098398L, 264789609L, 505237147L, 
398681002L, 1435322316L, 528554639L, -882445627L, -599909764L, 
1877538514L, -739622323L, 40161031L, -1709010194L, 1912285128L, 
488351947L, -432981719L, 1508663672L, 1009182374L, -2008010559L, 
736008531L, -74856958L, -1286897868L, 825928887L, -1887372115L, 
1003383236L, -860288534L, 1355380309L, 1102866415L, 716126198L, 
1404858656L, 2053406435L, 1321314177L, 1421894128L, -1905762162L, 
-742209543L, 1342168459L, -1421637190L, -323041092L, 597601279L, 
-580871851L, 605086316L, 1040336578L, 1496551709L, 668215191L, 
1479910142L, -696272712L, -1035328869L, -177721095L, -610037176L, 
-1075511946L, -409310031L, -1153400605L, 1998430130L, -1452253180L, 
2098910023L, 978455069L, -2009227116L, 2003456058L, -1921232251L, 
1399280479L, 429042662L, 1062151792L, -1000207981L, -65376719L, 
-693451552L, -672991874L, 1971382281L, -2023602117L, 148674058L, 
-471022100L, 2084883055L, 623429029L, -1012173476L, -561174222L, 
1455913005L, 1174116071L, 1280359438L, 272279016L, -652324885L, 
345174153L, -1999674344L, 1804661574L, -314805855L, 1829330995L, 
247066018L, -181004140L, -1259466985L, 2136484109L, 815808548L, 
-1522384886L, 218064245L, -171842353L, -549615658L, -405223552L, 
-1226302525L, 1303055713L, 416715728L, -336501970L, 1421606617L, 
1627098347L, -789394086L, 1104486172L, 2083723807L, 1523739253L, 
-839031028L, 1936161506L, -207929411L, 1327946576L, -1117249748L, 
-739899020L, 485952402L, -1017800608L, -725910132L, 1441864544L, 
-1114441246L, 1922970536L, -1944685364L, -1794002948L, 692651442L, 
-262318608L, -2061890620L, 2016023896L, 1639954810L, 1986536368L, 
-1860994628L, -1587664812L, 1927956418L, 197783584L, 1299097788L, 
1588937296L, 776233954L, 2011922536L, 1503687756L, 1008322812L, 
-1487172622L, -1337751296L, 693236084L, -1204028408L, 1319350202L, 
903414224L, 561163244L, -623930988L, 839668178L, -2080882336L, 
-273596596L, 1492998432L, -1238274174L, -1302618392L, 283939052L, 
-2119281604L, 1333521266L, -1194049936L, -2091953116L, 523291448L, 
-1081889638L, -1230490928L, -1761476420L, 122556052L, 1947018882L, 
1392572608L, -1552239812L, -111395696L, 630660642L, 15499272L, 
193903884L, 2124242076L, -706281966L, -903356544L, -62468588L, 
-1985287640L, 1823835450L, -443295280L, -763063188L, 1188272436L, 
162285202L, -114529440L, -1439997108L, -1964484640L, 1344423842L, 
-1474615384L, 771124620L, 64596156L, -610145934L, 1485141232L, 
-1690312636L, -507031208L, 1423570490L, 1508047728L, 744216636L, 
-432988396L, 709522882L, -277292320L, -649312388L, 142036688L, 
-1025378142L, -934978520L, -1557289716L, -1635932228L, 948791602L, 
-1935005248L, -651269580L, -1829499960L, -1274865478L, -826123888L, 
1640444396L, 410255956L, -999825262L, 1558691616L, 1417742796L, 
-706513440L, 1489295042L, 588293160L, 1884041900L, -558447428L, 
2020579826L, 230891824L, -1318243164L, -822892872L, -1105605286L, 
-1240783472L, -508415108L, 1607653652L, 1907290946L, -495412480L, 
1643419580L, -1486184624L, 1471161122L, -2048393912L, 1175509516L, 
-371574692L, 575655122L, -1909270016L, 1674595668L, -903177752L, 
-680543238L, 1884319952L, 2030091564L, 624702196L, 669976978L, 
1941091424L, 1910449420L, -139644192L, -463836830L, -1280652632L, 
1541149260L, 1711833468L, 2002453810L, 1590775920L, -1214761148L, 
-2005094952L, -1069925254L, -135754192L, -351434052L, -263237804L, 
532632642L, -1770345056L, 611449532L, -2010678832L, 891579746L, 
-1594150936L, -1691170868L, 294797052L, 1689412082L, 771762304L, 
-1521109772L, -641976696L, -408942790L, -811478192L, 839603820L, 
-370012012L, 958415186L, -1735500064L, -1438354740L, 1423937696L, 
-911385726L, 514618088L, -560622868L, 76147772L, -1563630990L, 
-689413008L, -474790364L, -918076360L, 1032218650L, 1629932240L, 
1810965564L, 1427297428L, 1427606658L, -2096863296L, 1349720380L, 
2091594384L, -605430750L, 534897672L, -1824114548L, -1998033892L, 
-1075755374L, -1500613504L, -1740963820L, -2088540888L, 1562857018L, 
545989840L, -1727265684L, -1328360780L, 454133778L, -1856358432L, 
499568588L, 1857957344L, 1445522978L, 277080360L, 321564940L, 
284825148L, 1020928242L, -1769669904L, -1406090428L, 311503448L, 
1169404474L, -378738960L, -1922171716L, -2106421740L, -2098183998L, 
1511469152L, -1362031236L, 683867344L, 1097415714L, -996476248L, 
-81383540L, -94512708L, 1602614322L, 884520768L, 1012463796L, 
-2110414008L, 1552972474L, 2053451536L, 740022508L, 126219348L, 
895366261L, 1111608914L, -810030944L, -1306386039L, -616500805L, 
1154690572L, 74479514L, 549240591L, 1903691097L, 1376518126L, 
-384055684L, -1250930963L, -569296489L, 1024045664L, 330778686L, 
-258936565L, 1043964813L, 1159200954L, -2038692104L, -1433867103L, 
718583891L, -571096204L, 371941634L, -420241001L, 371227489L, 
-410468442L, 1247816100L, 254922837L, -1914198785L, -795571816L, 
-1206086986L, -648393917L, 964023941L, -1126769886L, -1628987376L, 
-1154237511L, -1520759701L, 2113982300L, 2106570378L, 770069119L, 
-972366903L, -1017370530L, -1214801140L, -1116536099L, -174658585L, 
45305872L, 1092656430L, 1526796763L, -512473411L, 265647146L, 
1715430600L, -1718533647L, 1389367139L, 855545700L, -369529198L, 
-1223595161L, 102438193L, -292983178L, 983232404L, 1571261349L, 
-1767490385L, 1794453864L, -502826682L, -397111053L, -1828581803L, 
2043441714L, 515424256L, -1978211095L, -2029804709L, 847938988L, 
-1898799686L, -1600230545L, -977580807L, -289091186L, 1138271324L, 
435680973L, 832545335L, 471484608L, -311167074L, -231285653L, 
272399341L, -1056792998L, -1546493672L, -237220223L, -556669901L, 
1540354644L, 737121890L, 1190254839L, -725083327L, 722375110L, 
-404817148L, -1313124683L, -879945313L, 1746097656L, -389080106L, 
472958563L, -772688347L, -1212701246L, 2054380208L, 623284953L, 
1214342219L, -385574212L, -966293270L, -559004385L, 1666125225L, 
-118240450L, -1719998932L, -542124931L, 887312071L, 2093332400L, 
-733615666L, 1382933243L, -1100447395L, 323805834L, 1203155112L, 
-484084719L, -83196669L, -250148860L, -179427278L, -1834991481L, 
-738267951L, -1769425322L, -1990007244L, -1896211131L, -908931185L, 
-1077904632L, -741245658L, 809870803L, 1137667893L, -352835950L, 
986972768L, -1189227575L, 1992700667L, -417907508L, -1185893030L, 
368506959L, -1330629351L, -643883218L, 336564540L, -706152787L, 
