.Random.seed <-
c(403L, 274L, 1992250358L, 1058808857L, -1225687328L, 1653184274L, 
-1423428712L, 736064898L, 1797482308L, -1750902119L, -1839542276L, 
1028567258L, 1061668756L, 915305458L, -592191259L, -1810778652L, 
-2010283535L, 197637683L, 356757339L, -1037347376L, 916744210L, 
590775581L, 1436864996L, 1308353470L, -426686172L, 1478277629L, 
-950150359L, 112689353L, 3451796L, 10070580L, -821552513L, -1492424736L, 
253739736L, 2103423135L, -762672326L, 1794768037L, 1234898318L, 
-1367971880L, 1537515856L, -230928045L, 95264061L, -273106713L, 
88662262L, -29122159L, 283110660L, 1894528288L, -289277179L, 
-1689128611L, -584410709L, 883093L, -1647014345L, -798873803L, 
-1444708401L, 624614944L, -1342472L, -180299439L, 165564849L, 
1190665031L, -1782057088L, 169122652L, 1385357640L, -618231883L, 
-114750138L, 49002195L, -1632656657L, -2081483488L, -920287419L, 
-1917796054L, 1758130402L, -344820936L, 617383638L, -1868510971L, 
-872935409L, 1896341085L, -1004872845L, -1513713872L, 1901031108L, 
-841465015L, -1297866575L, -1235620436L, -180279451L, -2000793116L, 
1410777835L, 1412893210L, -1481059984L, -1867079298L, 810526708L, 
2098541574L, -20310905L, -448616455L, -1571838008L, 2018832168L, 
1164426326L, 497519365L, -1088223358L, 1632637196L, 1651390219L, 
590681507L, -187418629L, 119437718L, 612762895L, -810877300L, 
999121026L, -389940829L, -588674657L, 1666622733L, -1046561178L, 
727597413L, 662326329L, -1206457075L, 561547517L, -1399444026L, 
-1893696261L, -829321516L, -1749644051L, 218665992L, 686809250L, 
1519199883L, 1642185729L, 456130603L, 2083521620L, -1562336755L, 
845102789L, 892911606L, 790388669L, -2022459145L, -2111724169L, 
121138546L, 1367589268L, -1547121998L, 2078700419L, -2090419352L, 
617971904L, -699376088L, 1817291142L, 1649681893L, -2026193939L, 
-575866444L, 1284099205L, 1284219362L, 845886439L, 110605264L, 
902485636L, 491292698L, -704505200L, -1886318744L, -1112152494L, 
1558698834L, 1707114009L, 1759982213L, -2136700525L, 1474204615L, 
-302673255L, -238690570L, -1628449980L, -1542089813L, -1640376986L, 
-168343476L, 1874059053L, -1115205360L, 2098294873L, -1794895127L, 
-1943101743L, -1260464130L, 844107270L, -1212068034L, -1568179838L, 
2124006530L, -338965005L, 1943180272L, 2005046610L, -460805288L, 
-636646400L, 1272994304L, -1343004365L, -215975193L, -1755660126L, 
-1650977059L, 1342568894L, 1123187926L, -775849444L, -830793721L, 
-59706835L, -2135047378L, -1678709632L, 2122811578L, -184993339L, 
1265770105L, -1468120776L, 525758883L, -581866255L, -1828292778L, 
1858734082L, 1154368795L, -195458792L, -1469315640L, -372609972L, 
-1033600155L, 1168032151L, -122341527L, 505183210L, 1078620452L, 
-1350465320L, -1970015902L, -465737159L, 413802449L, -1791215934L, 
426968402L, -2145829641L, -323154790L, 984195384L, -1873914182L, 
752925109L, 2079037481L, 166646358L, 2107395714L, -236921595L, 
2009651195L, -585484046L, 2076452223L, -2074711466L, 1187895308L, 
-172937973L, 208759935L, 2109577406L, 1957099109L, 1045851389L, 
-1335504347L, 498978992L, 395107071L, -1940082433L, 1118271659L, 
-2116762667L, -2106525796L, 1818432762L, 817921058L, -916820501L, 
-1885715532L, 322690713L, -317503765L, -1266812735L, -1944531278L, 
-64347277L, 335401948L, -1431076457L, -682496900L, -1616132909L, 
-1321878488L, -1372642546L, -1051297359L, -587064631L, -2054979558L, 
1119734023L, -1180561530L, -2140220934L, 486660995L, -137324333L, 
-236198280L, -917241982L, -1167566384L, 1531561390L, 1652354208L, 
1508791664L, -150674035L, 1172563768L, 586721342L, -1407998832L, 
1006961716L, 2114635084L, -1620787730L, -1699159372L, 1527980751L, 
1498815785L, -721839089L, -100950952L, 1354481195L, -1159229709L, 
30326612L, -1571777039L, -72289156L, -409346113L, 1079635411L, 
1051700529L, -451100772L, -877970115L, -326042260L, 1725468355L, 
1495929791L, 44659879L, 1687631084L, -1068366177L, 808478250L, 
-1614318183L, -730341359L, -1743542124L, -541432030L, 1081591997L, 
1909784879L, 443749490L, -1684720923L, -346526872L, 1694282507L, 
1563627176L, -507778395L, 1511474593L, 15484988L, -858911647L, 
1502371778L, 105177897L, 1684896017L, 147725094L, 1486803429L, 
-1103036590L, -80113280L, 1875002343L, -27612888L, 1914438958L, 
1093111733L, 1946856247L, -805492297L, 854934124L, 345228508L, 
1580562150L, 547841794L, 2049966728L, -309115351L, -351965677L, 
-1470066544L, -1508491832L, 539630712L, 162914218L, 1975108511L, 
-1694824362L, 386329197L, 1172171544L, -433449508L, 591080193L, 
-1697845680L, -1480307729L, 193795333L, -319539533L, 551012673L, 
1686894962L, -80356920L, -212318057L, -1823082787L, -404076639L, 
1419179289L, 453916504L, 1194567731L, -2097157507L, -367957996L, 
1834178388L, 898288625L, -1646770877L, 1004853143L, -943295950L, 
-607783777L, 861124897L, 932542630L, -579195855L, 1248266237L, 
435549816L, -1970200322L, 194067014L, -1009660049L, -268484944L, 
1699634590L, 1298430386L, 2065181396L, 1349634L, -1027525582L, 
1969822644L, -114419833L, -1725109483L, 1914643332L, 1864447708L, 
-727599449L, -209646352L, 843515348L, -1951257417L, 915385574L, 
1226024619L, -958136619L, -677272451L, -623697684L, 1642351131L, 
418409303L, -1106787611L, 1888946844L, 581117312L, -134525927L, 
-397465031L, -1045044928L, 1845853314L, 1255232882L, 2146443897L, 
2037420538L, -1966087357L, -1634731927L, -308907118L, -401736494L, 
2025918170L, 504169176L, -1506331001L, 2109830939L, -294292074L, 
-1246053338L, -2033493805L, 2017670100L, -1828990208L, 1609001128L, 
-2027079346L, -809560513L, -734568088L, -663823969L, -1078401305L, 
-570787058L, 1918683853L, 1505796815L, -1677614590L, -1654440485L, 
-318868061L, 1714258651L, -1462117318L, -839524546L, -1442904007L, 
-277159756L, 563764163L, 1341097799L, -1193388305L, -2009631804L, 
-222326012L, 1469568581L, -600892923L, -902980682L, 1340886221L, 
-827849663L, 1844091331L, 970636887L, 357075735L, 1664534680L, 
-167547596L, 1118154364L, 1791203446L, -1831212674L, 626739333L, 
68658050L, -1821279054L, 128162140L, -1308032259L, 722035669L, 
1870367767L, -559960534L, -1438884480L, -1797910471L, 1671629089L, 
-1427186637L, 1748740180L, -1348006809L, 568017887L, 373179090L, 
1891020729L, 1595674711L, -388133182L, -2039428881L, 294105883L, 
-1189315142L, 1155654515L, -597413003L, -770373165L, -1742917220L, 
1967272067L, 1658079000L, 1123469119L, -1902268871L, 126117947L, 
-1871060048L, 317760365L, 1295468657L, -1746694931L, 1416726229L, 
-1707110127L, 892307960L, 846201786L, 1175870270L, -139131000L, 
1519687611L, 1482356298L, -285203510L, 151832471L, 1344800856L, 
-1170624658L, 2095532436L, 1213708486L, -1992677195L, 1392925784L, 
-36876826L, 160841169L, 1296532980L, 450809850L, 844751658L, 
-2025541440L, -1266113087L, 676982212L, -1533116790L, 1807273445L, 
-890099784L, 215235077L, -1763932839L, 1347493377L, -1795708870L, 
-1522113876L, 1461539184L, -1753680458L, -1829408239L, 246403181L, 
2101943068L, 1870642305L, 1709734050L, -2026262615L, 10921411L, 
315263283L, -1905225147L, -160812022L, 733317043L, -380638611L, 
-562460981L, 1475188675L, 1446936446L, 688534522L, 1401584442L, 
295922794L, 968761600L, 715219352L, 1600755440L, -1869264535L, 
-1660478986L, -1070492836L, -443700024L, 2033761648L, -811919100L, 
-1517075199L, 1575203107L, -2036451580L, -723224482L, -1710131601L, 
102199268L, -702141646L, -1260152985L, -650105993L, 1484832859L, 
-2088886373L, -1196266918L, -20712633L, -1348514761L, -380673627L, 
-1472058048L, -1985227944L, 573143579L, 1849803084L, -503213528L, 
174203304L, -1185549567L, -1134449802L, -42638220L, -743647974L, 
-1654582445L, -1697121614L, 124787011L, -2032925209L, -2071378012L, 
1081949243L, -579085192L, -522913372L, -682223733L, -1828883728L, 
-693283630L, -309502272L, 429831176L, 1777682061L, -364025855L, 
1128935817L, -685308527L, 879028129L, -630574629L, -461838784L, 
-595922623L, -1875125712L, 568397763L, -591374441L, 2038930681L, 
