.Random.seed <-
c(403L, 108L, 1984511573L, 1734088598L, 590862848L, 1693902162L, 
833224981L, 1397116677L, 511324624L, 933416067L, 2012183794L, 
209871754L, -308164776L, 1473452709L, 269479978L, -1040040309L, 
-392533837L, -1041011520L, 1214883062L, 1327963188L, -66522152L, 
1153623490L, 408290851L, -1301143302L, 1454206469L, -1647393978L, 
-1727167454L, -1094698682L, -1365145918L, 679742050L, -304386833L, 
1290969711L, -193755111L, -360806557L, -474797358L, -653560545L, 
-171390233L, 618567548L, -835854593L, 758489418L, -1550268983L, 
1703898760L, 2144815491L, 63454619L, -1090467087L, -755526516L, 
-1883652505L, -645204697L, 839505073L, -1296957638L, -1755948361L, 
-1717361356L, 1254734061L, -1061547779L, 2016174959L, 1150806333L, 
-1421505565L, -285808560L, -1824813575L, 1703784062L, 1882729612L, 
1879460106L, -1149179854L, 54686286L, -1648591576L, 749506770L, 
206858402L, -618734467L, -459355776L, -1524923687L, 747524868L, 
1837205244L, -960315295L, -190911359L, 2063281969L, 907153455L, 
-849949296L, 895217362L, 992892951L, -2054821181L, 2025381758L, 
1521978287L, -989535071L, 1488562465L, -1021174178L, -513412691L, 
-634628218L, -982067425L, 914231360L, -80476388L, -1176581595L, 
1200468941L, -282738526L, -1837488674L, -1054849370L, 1756509416L, 
661030467L, -1613231067L, 1504785803L, 1696099544L, -1171192778L, 
1377804242L, -1875794165L, 311925342L, 66556165L, 1842465543L, 
1550664115L, 150497619L, -247441678L, 922239133L, 1214958166L, 
-174858309L, -818694676L, 2000636077L, 1150170965L, -1785876753L, 
866043631L, 1963953174L, 1959228959L, 711621420L, -1155669591L, 
-1891248726L, -409108881L, -2123587653L, -1860297324L, -559854412L, 
-309992770L, -966311156L, 687239783L, 8654449L, -988168436L, 
-1281445094L, 1830158992L, -1359528320L, 1548097191L, 875191319L, 
1765754260L, -1888591545L, -2083538481L, 1270624178L, 629048399L, 
-150135370L, 1567023739L, -1189898696L, -1254381039L, -1735760388L, 
2032494408L, 1807018596L, 1098511128L, 1682428802L, -138940747L, 
-852542628L, -137590780L, -1139531323L, -2107997938L, 1547115356L, 
-592307443L, 1924619161L, 359580658L, 1154451002L, 1225724033L, 
1138641914L, -684587532L, 976653880L, 1797025584L, -601316768L, 
1151003445L, 580435128L, 1185557079L, -549251256L, -1792160165L, 
-1391178355L, -1109918766L, -1244534264L, -353797544L, 1800379219L, 
-936783151L, 547671641L, -559869039L, -1081387360L, 1280127657L, 
1210767199L, 407099564L, 1316905724L, 189826685L, -1711318725L, 
238322303L, -825718207L, -236450837L, 1851136425L, 114768744L, 
-1141331633L, -612949958L, -717321517L, 1950174567L, 467325622L, 
363327013L, 1044287606L, 103998860L, 244555635L, 581144744L, 
329141267L, -1492602794L, 1725650077L, -1756813544L, -2102802574L, 
10670686L, 353241860L, 1811017008L, -119002164L, -1993976627L, 
-1098366517L, 1373029297L, -1248109443L, 1342189721L, 626473121L, 
-1135545832L, -624612291L, -817828881L, 850142849L, 1454202492L, 
-523364663L, 100523663L, 919010595L, 1085286105L, 870971515L, 
1356918299L, -1525659691L, -674690111L, -2117336327L, 1648659069L, 
1422153175L, 953902097L, -1216805275L, 209984199L, 2145826796L, 
-408033117L, -1916453217L, -794121609L, -429424725L, -1784104414L, 
-511910763L, -1583082632L, 2000896503L, 944336416L, -69656507L, 
-2119044729L, -1186012004L, 2138310056L, 581638971L, -1488477084L, 
1827116167L, 2131608465L, 1368110717L, 1390012087L, -502737830L, 
-1507644333L, -1950238661L, -1742843558L, 49006158L, -935316889L, 
1279564346L, 1362011372L, -864652702L, -330426068L, 32094692L, 
-835494693L, -1054149854L, 780584710L, -1303099074L, -705562229L, 
-1858533944L, -1038637281L, -1813005627L, -1025561638L, 1767985887L, 
1017549951L, 1373639949L, 343479608L, -350458868L, -1533433226L, 
1490892696L, 1065839664L, -1139834738L, -25079019L, -1701770915L, 
-1292304755L, -176002302L, 2026492396L, 1721637638L, -1226997783L, 
-2072968816L, -798534906L, -468756131L, 1905822929L, 2077963159L, 
2013958258L, 184170635L, 2102358941L, 1145512228L, 1360426823L, 
476809625L, -469654223L, 1069818682L, 933277271L, -767944785L, 
773410443L, -2065850063L, 1972508830L, -9728524L, -1807475373L, 
-1222537996L, 1411495644L, 1932432822L, -357684586L, -608746109L, 
-187623708L, -1357785660L, 215874281L, 2139212303L, -439352929L, 
-1459719861L, -266055233L, -1889262517L, 933084231L, -1261176018L, 
-1007439766L, -1351278339L, -39146812L, 800769198L, 1612016095L, 
1025097634L, -502712773L, -1831465557L, 396637788L, -491611812L, 
-378469811L, -1062320267L, -569340154L, 139489281L, -315835786L, 
330025366L, 1380533790L, 131905445L, 1146965013L, -1034050087L, 
417951566L, -1989341766L, 245066567L, -1760594212L, 962078771L, 
-1160374950L, -2082774292L, -715713765L, 2100321673L, -506247713L, 
864868786L, -1258323134L, -131165523L, -1499442684L, 280887813L, 
1957727570L, -711213078L, 2138027149L, -1096471569L, -279504098L, 
-1995418678L, 306080686L, 795976355L, -256444345L, 429005308L, 
17805272L, 1134914725L, -2074519098L, 1389501469L, -1809050087L, 
-95884256L, -290904677L, 113676057L, 1365620168L, -974181270L, 
-451806644L, -1032624168L, -816365380L, -1813351064L, 1483811548L, 
1804543640L, -2046234054L, 250798360L, -1523538477L, 184074854L, 
1352439501L, 384821164L, -477258422L, 1510520945L, -1270841929L, 
-1954924798L, 699100358L, 531600788L, -304871759L, -1636468467L, 
-705380334L, -981118388L, -1508063756L, 1074226417L, 1077695705L, 
1778257076L, 1163353971L, 481280823L, 2026052979L, -1258399244L, 
1273918906L, -146785635L, 664789483L, -1807116334L, -545097828L, 
2001481813L, -1428471736L, 2076984399L, 60163812L, 1006186388L, 
1252904097L, 419353623L, 343622560L, 497031478L, 713723040L, 
1854363851L, -1965524209L, 1790432937L, 1777065441L, 50690922L, 
840457013L, 1753425118L, -1664748311L, 1302304496L, -268829441L, 
-947066680L, -1651282268L, -1888524484L, 736913672L, -1333041393L, 
-1256449507L, -47182185L, 935110072L, -585336202L, 1834600644L, 
-1156301526L, -1178925527L, 1993059370L, 83225135L, 2039132834L, 
-1394155890L, -301060834L, -2106295371L, -1329076534L, 846358166L, 
-1081209446L, 388818565L, 1122039830L, -1781447311L, -692461L, 
-643288009L, -1941227820L, -1802930545L, -624228166L, 342695481L, 
-587981450L, -1898150016L, 1859810638L, 14623570L, 519428172L, 
617132775L, -1497043766L, 791145965L, -610265452L, 1019566753L, 
-1591261922L, 852443303L, 1256858356L, 1504373523L, 694925033L, 
-1675291477L, 1964923476L, -160543449L, -1836726451L, -1771517991L, 
1509782647L, -1994852234L, 1392651118L, -1422541097L, -1855961377L, 
-1902090738L, 887096787L, 1770150577L, -1973228257L, 2062805873L, 
85190370L, -1701226713L, 712921103L, -1922071943L, 709930577L, 
-946069346L, -1005914077L, 1447039708L, 1653769283L, -1336028187L, 
827244535L, 1274044891L, 1077909290L, -84527962L, 1077707544L, 
1989469759L, -1091487707L, -1804337206L, -97430213L, 651287076L, 
-29869849L, -107445293L, -241374119L, 1222100736L, -1793279655L, 
-1104796385L, 961887116L, -1643968416L, -873954142L, 809494697L, 
-690146456L, 1928570355L, 1711314502L, 786434816L, -1805366361L, 
-392114078L, -1295443720L, -769571584L, -1145030118L, -710401508L, 
830874231L, -1328133375L, -360994741L, -1085713862L, -207304629L, 
-756892228L, 2048188944L, -598529867L, 821906171L, 574340253L, 
23177366L, -969200024L, 792850864L, 1757005034L, -1573593160L, 
-1509813549L, 797614455L, 1234122884L, -94976113L, 830292271L, 
487774341L, 1229682587L, 860750507L, -706609430L, -1460828234L, 
-1304117730L, -1092600525L, -923961838L, 843104578L, 126708010L, 
799442330L, -1978030165L, -394021724L, 1816046554L, -583571012L, 
-38879831L, 1375421211L, -2065587373L, -281001665L, 493059749L, 
480292854L, -2081433077L, 311167894L, 615937860L, 1484638719L, 
551616604L, -390670055L, 233147072L, 70289722L, 827283415L, 1546784745L, 
-724895396L, -878996927L, -29876188L, -155345429L, -1742385280L, 
-1742425234L, 1663373687L, -2047289486L, 1803528834L, 1481848229L, 
-263876487L, 1890349600L, -810005387L, -1323168726L, -1434275832L, 
