.Random.seed <-
c(403L, 10L, -771955065L, -293773731L, -162267052L, -904240518L, 
-1702577723L, -2033120481L, 1719183014L, 942946352L, 786344659L, 
18874609L, 630254624L, -1402963266L, 1976733385L, -1828320133L, 
1178739274L, 2075252396L, 1330483631L, 1771288933L, 1495672604L, 
-1636914318L, -2034087955L, -228497369L, -384470962L, -494635864L, 
-952403285L, -1014132791L, -127441960L, -404225402L, 745247585L, 
1576867571L, 343296354L, -670418988L, -1528413481L, 1206814925L, 
556499044L, -968839606L, 1031093173L, 1462896399L, -568388586L, 
525352640L, 5761155L, 29557921L, 1756572304L, 1996085614L, 776664857L, 
1303554987L, 926267802L, 242900316L, 774452319L, -1834505163L, 
203864012L, 263742242L, -992076419L, -1698812297L, -2133420130L, 
-1804487080L, 443523003L, 94466393L, 1729604328L, 1579512598L, 
1175614609L, -1336825533L, 1344382034L, -1890388252L, -394809049L, 
-600628867L, 1722820724L, -313341350L, 463455909L, 1269503167L, 
673130310L, 1510573520L, -1361520653L, -1646645487L, -1727811776L, 
-1475651810L, -2131408919L, 569765147L, 1877362474L, -134735796L, 
-1027280881L, -1054229691L, 803466492L, 1315052370L, 806681805L, 
1016200327L, -1819883666L, -623118008L, 1019247947L, -310189911L, 
-949517832L, 1126871334L, -696372671L, 232848339L, -2131768958L, 
-1543422540L, 1904331063L, 813538349L, -1453389500L, 410123882L, 
1185675477L, 844912239L, 2059436918L, 2094118048L, -1697698461L, 
-1415496191L, -717718160L, 408739086L, 1284087673L, 1995185931L, 
-1770889158L, 368340796L, 973884543L, -2138611755L, -738700820L, 
-2097208510L, -800101219L, -2114546409L, 1620814974L, -855604168L, 
1764188955L, -1337227143L, -2056957752L, 1751841014L, 465013041L, 
646103395L, -2071899342L, 1112841348L, -1225185081L, -890006627L, 
176756500L, -132657734L, -1462129659L, 1456226783L, -155958170L, 
311231472L, -259637997L, 1333371569L, 574229856L, -2128575746L, 
879869577L, -1580176965L, 1037915018L, -969049492L, -731991057L, 
1863105573L, 1946264796L, -2119615822L, 1449090477L, 267936103L, 
2136178318L, -524834968L, -1889329301L, 899336457L, -135995496L, 
-1260181818L, -2115144671L, -710418253L, -850347486L, -1565000684L, 
832663703L, -743832947L, 661787556L, -89576054L, 1606506997L, 
-637946801L, -2137197738L, -887068160L, -459193533L, -1160379679L, 
-188739504L, -470798162L, -142416807L, 624890987L, 181852634L, 
1902273180L, 237354143L, -588910859L, 1238930316L, -1791876510L, 
1049597501L, 874641591L, 1590921054L, -376845672L, -1378903557L, 
-493272167L, -1522263000L, 413682902L, 203815249L, -1238837245L, 
-171769966L, 1851567396L, 493233127L, 2025289789L, 1197713076L, 
-973001446L, 1750154853L, -123366657L, -2094839930L, -920454896L, 
884181427L, 1953354321L, 1216758272L, -1521983778L, 889197865L, 
-2074437413L, 197779434L, -944586868L, 226848975L, -1023872891L, 
-886762692L, -1835783662L, 1561534733L, -984077753L, 600420398L, 
-565869176L, -1662591861L, -330926487L, -1299273160L, -6948122L, 
-1397336447L, -305858029L, -1870742078L, -56052108L, -740046729L, 
18835821L, -315372028L, 1219492408L, -1275645542L, 806563280L, 
-1325382212L, 1278275220L, -1622728062L, -108438080L, 1913108284L, 
-280022384L, 594671394L, -1584105976L, -1484520692L, -183549028L, 
-1746527214L, -941495424L, 339368724L, -521145048L, 1853796410L, 
-1417165872L, -1113687444L, 1280904244L, -568020846L, 1756985696L, 
-1311777460L, 1797805536L, -1908384862L, 929586088L, -381625204L, 
-1679199300L, 1193911410L, -1231386640L, -1766153148L, 1939507288L, 
1881276474L, -493483920L, -1987248580L, -1286215916L, 309185218L, 
1072665312L, 821871740L, -375190320L, 522474402L, -1542107608L, 
1690894604L, -1824651332L, 183693618L, -2088347456L, 2111033908L, 
-1118201144L, -2002402630L, -1221538672L, 1631209196L, 572986964L, 
-1381259630L, 617178912L, -1909147700L, -930223904L, 2064027330L, 
-1979542488L, 337943468L, -637007172L, -1546313230L, -1377147344L, 
-1622739036L, 338313656L, -436528294L, -1781984112L, -1609229444L, 
-1680859372L, 1280548162L, -99430656L, 728284092L, 245768016L, 
-1650237150L, 407120456L, -620046324L, 1651018844L, 681005522L, 
-1298229760L, -753569452L, 1380393192L, -643903238L, -1309432112L, 
1624295724L, -444811020L, 913026450L, 1529579872L, -730544116L, 
-1127863584L, -1750719902L, 779123368L, 677378636L, 1113409404L, 
119311666L, 217245296L, -1097696444L, -504330280L, 917774202L, 
1580674608L, 2060015548L, -2013882796L, 87033922L, -478904160L, 
602795708L, 767822288L, -260906142L, 611943144L, 324944076L, 
-2057567748L, 473901554L, 882670208L, 221738484L, -194746744L, 
-1159766214L, 2072183632L, -1672350612L, 56261012L, -2131319726L, 
-1182799392L, -1233732404L, -1481888608L, -1201957502L, 939860200L, 
314965740L, -449966788L, 625654898L, 1870585968L, 483325988L, 
313470008L, -487590118L, -1478492976L, -1386408132L, 1163843476L, 
957025154L, 67547584L, 1839681084L, 554771856L, 616212002L, -842294008L, 
-1916762484L, -646555876L, -254959470L, -1511011968L, -592716268L, 
1478872872L, 1950126650L, -1962764848L, -1895102100L, -416013388L, 
936069138L, -439095840L, -2127446068L, 372089056L, 1672271906L, 
2008645928L, -1581761012L, 169533244L, -1814856718L, 1725672176L, 
-1608341948L, -371809704L, -1633231046L, -969116176L, -92057924L, 
-352790252L, -890438974L, 839797856L, -969444484L, 1022314448L, 
-1413168862L, 242354856L, -491392116L, 1013819580L, 49375026L, 
-598177216L, 1521902772L, -1267860920L, -1586618950L, -949224944L, 
-242562324L, -1813493420L, 566149394L, -406274656L, -566027572L, 
1050033760L, -1694769214L, 957251368L, 2005782444L, -1189334212L, 
-1750857358L, 958217008L, 1286374692L, -801727688L, 1917949658L, 
-1113776240L, -763203844L, -1439726700L, -238553022L, 936633600L, 
-1278458820L, -1605402288L, 1726138530L, -1436083896L, -476608756L, 
-1792298276L, -1540641454L, -1121338240L, -2074771372L, -892741656L, 
-1957715718L, 1967999824L, -812982484L, -580445836L, -2130162798L, 
-1846925216L, -1250564724L, 793738080L, -2077767198L, 655190952L, 
-298861364L, 408598524L, -2074483278L, 1685622256L, -289506364L, 
948952408L, 501870970L, 2071759792L, 288261806L, 375776091L, 
1890169661L, 108575146L, 2091767368L, 619325041L, -460498973L, 
-1846680860L, -48924142L, -1442451993L, -1828292175L, 133648374L, 
-1523379692L, 790076709L, -1977635281L, -287024152L, -353391418L, 
-1750001293L, -1630182955L, 1677473202L, 318491520L, 1394478953L, 
1833305051L, 1766632236L, 2012034362L, 664488943L, 1314512505L, 
1712105742L, -1013172004L, -2013253811L, -1843568969L, 262835264L, 
1607173406L, -1896833045L, -1883249811L, 1713041882L, -10785896L, 
-97463807L, 1020396467L, -1544166700L, -2017328158L, -425961865L, 
-5746751L, -325194426L, -419349372L, -1809448395L, -47543777L, 
-1390260872L, -1362064298L, 1613123811L, -394185051L, -581043390L, 
1227428144L, 1130162521L, 1942923979L, 866374460L, -847299734L, 
-1984603745L, -1160474583L, -256218434L, -293622868L, 47470845L, 
-2062756793L, 739095344L, 339194958L, 797104251L, -579511331L, 
654492170L, -83974360L, -1084507759L, -2078965885L, -222169980L, 
889598642L, 198239751L, 121251409L, 682073558L, 724791476L, -688476987L, 
-997167601L, 247047816L, 631376806L, 1368572755L, -1316369227L, 
-99931630L, -98392096L, -1436157367L, 1550659707L, 694149452L, 
-467094310L, 1039742159L, 426172569L, -1404453714L, 416582076L, 
-1869712851L, 464373207L, 1211943968L, -1075531394L, -64970933L, 
1296753997L, -1454396550L, -1105252936L, -426061983L, -816126189L, 
-1631224012L, 487042370L, 1239572823L, 588819617L, -1943915162L, 
-1683843228L, -752101739L, 15519679L, -125070504L, -14356106L, 
1102607235L, 1630859717L, 1785370338L, 1126528848L, 834458233L, 
-772287061L, 856496924L, -1865880502L, 456620095L, 8022153L, 
-1221088098L, -1875257012L, -1307786979L, 1816382631L, -438527024L, 
938533742L, 561062427L, -190471299L, 466796906L, 1400193032L, 
-281745231L, 1450903331L, -747109340L, 2070304466L, -2005814489L, 
