.Random.seed <-
c(403L, 192L, -1222064713L, -950103014L, 1200189764L, 1276547743L, 
-1125416137L, 408294752L, 1625378068L, 709425221L, -198790836L, 
-566463307L, -1207134143L, -488882725L, 1726757434L, -655586622L, 
-1841456273L, -1225296998L, 1709378676L, -1434246182L, -945440159L, 
1703439767L, -791630932L, 242062983L, -2029431608L, -2117698739L, 
-353980124L, 2130966448L, -1273389021L, 1209784042L, -65068727L, 
560689666L, -1956617169L, 1264279924L, -84257950L, 244641375L, 
1657151971L, 669727844L, 795505190L, -1383492060L, 1341981936L, 
-474409855L, 2116765031L, 1599990885L, -2128916242L, -602129610L, 
1863952786L, 792692140L, 1652946512L, 360170413L, -783927882L, 
-1347350370L, 207376328L, 730121372L, 1411820154L, -1211351659L, 
-1336989439L, -354915325L, 2106305637L, -385244269L, 262990746L, 
-1477483354L, -1964509643L, -787663282L, 1531721297L, 778849378L, 
1280980134L, 2079682236L, -143055307L, 598905883L, -857304045L, 
-1338574631L, 1444668579L, 2044359899L, 1454899443L, 1158906598L, 
214211597L, -897513873L, -192154282L, 268326952L, 124894096L, 
-1106114114L, -100606294L, 1479805965L, 99206850L, -2063393186L, 
685037266L, 1229984640L, -1984014054L, 299849673L, 174312448L, 
-352715992L, -341047799L, -1312274473L, 852260698L, -1241891091L, 
361067668L, -1879997280L, -1895867839L, -1559291613L, 77330146L, 
-516594216L, -1682841087L, -1223628767L, 1617552522L, 237475978L, 
-545702591L, -1867091155L, -1840569466L, 1612095946L, 1144540617L, 
-1022476734L, -1314744175L, 44946224L, 427726487L, -835825215L, 
1979692827L, -1805314631L, -901837663L, -1196021427L, 655255114L, 
1467338471L, 731000683L, 372773151L, -1818754050L, -316980143L, 
541352407L, -1247080788L, 178048429L, 1576379250L, -1229728617L, 
1169482907L, -168701497L, -910275170L, 716892393L, 899239396L, 
349005723L, 1814041204L, 1662775391L, -515177721L, -2083418637L, 
1619182073L, -1607248011L, -663202589L, 1292447721L, 1141592116L, 
364070565L, 1402390010L, -294582044L, 1675025013L, 955746901L, 
-897485222L, 1175752669L, -762338388L, -1458694886L, -1854983217L, 
1401972801L, -922605699L, -805824055L, 515621197L, 749096017L, 
772552597L, 364614954L, -1589653066L, -1591139035L, 121330042L, 
-367315627L, 1719121146L, -1712540982L, -2108469094L, -1634171165L, 
717654214L, 1419403801L, 1104595752L, 570948542L, -731572509L, 
-1940743741L, -1877402376L, -1810778116L, 2024200035L, -1234924633L, 
1623251417L, -299139530L, 1661046377L, -102972630L, 1629806549L, 
939864552L, 756558813L, 1525839690L, -2127754936L, -892542280L, 
-385181701L, 1689796022L, 903520285L, 1413601441L, -848289177L, 
57293514L, 1499103653L, 1083566708L, 711091409L, 23131113L, 294248659L, 
1254249850L, 1776559596L, 1550427106L, -1285305280L, 1177144837L, 
-1282916553L, -461999751L, -1446248198L, 737867762L, -1418045466L, 
-249915280L, -239469491L, -1183152168L, -1915193510L, -355866552L, 
1704591952L, 1500783760L, -1010834175L, -512493605L, -1111848139L, 
-1737064678L, 695092251L, 1491910655L, -928397016L, -1093080000L, 
2022853226L, -1492553065L, 432740126L, 332529641L, -1031713960L, 
-607328981L, -774916167L, 1132634986L, -276012360L, -472518111L, 
1948612920L, 1266121520L, 977399440L, 783637035L, -1669619737L, 
-745618639L, -2106097171L, -925790200L, -72520662L, -731808495L, 
-1138184202L, 471280417L, 604082644L, 231744436L, -2053572685L, 
-1749300700L, -287916747L, -949496864L, -1769749789L, 1543024917L, 
769370894L, 1340349301L, -501039669L, -520803072L, -1400118825L, 
1745976679L, 688530124L, -1845460485L, -557026583L, -1107278372L, 
-1927230117L, 34678572L, -944371359L, 1367777164L, 978868031L, 
791209938L, 1371142812L, -1989919438L, -460807501L, -1404986547L, 
-1508646422L, 391816520L, 848676771L, 914773930L, 30266350L, 
-584776217L, 1729307320L, 579377971L, -1649906195L, 1850143521L, 
1319718568L, 1559982172L, -2012727004L, 838740064L, 1289531823L, 
-1629158047L, 1927030433L, -743686899L, 747051853L, -1667710326L, 
382667373L, 1715879195L, 1653812054L, 1560636817L, 719799220L, 
1560038472L, -1125400571L, 1171524674L, -504713186L, 134723357L, 
342452348L, 1610010035L, -1651199897L, 1887198327L, -1317817536L, 
-496235910L, 415815223L, -737886436L, -1973377052L, 869584789L, 
-1044749880L, 1325138424L, -1549550321L, -1708698961L, 1110369326L, 
-884624176L, 1908110036L, 841398607L, -1635808051L, -1081016627L, 
-2048431276L, 123612186L, -1157106406L, -157733306L, -141343756L, 
505412253L, 1698549160L, -1005965633L, 281423019L, 49577745L, 
-234720557L, -185036652L, -1895737864L, 40853235L, 1226402566L, 
-1382950674L, 826850684L, 269509216L, 681357346L, -70813310L, 
1839843319L, -490654001L, -1236964343L, -107907106L, -19215547L, 
-908868974L, -842449782L, -1086173673L, -183407784L, 1551147341L, 
1171116439L, -1280394434L, -46768048L, -1945816929L, 827146851L, 
55267041L, -2039577283L, 1851922756L, 1884992440L, 337278998L, 
-1709914650L, -351214300L, 1799467519L, 1820618373L, -1171182006L, 
2022817055L, -1625987460L, -1274474595L, -1950041756L, 791074042L, 
-2077150664L, 1054638414L, 1503274534L, 147424916L, -1540097798L, 
1379679904L, -258383374L, 334359451L, -983960578L, -1270208936L, 
728391269L, 569082572L, -1506016083L, -1749651484L, 877930473L, 
-35180896L, 886352994L, 1418143379L, -1758911164L, 565526685L, 
-277820559L, -347368627L, -341775580L, 210737446L, 465321138L, 
740158645L, -111831126L, 2125288521L, -1618407658L, 499595603L, 
-799341014L, 7758589L, 253304798L, -112957588L, -218292972L, 
-199805791L, -1512989192L, -1916746900L, -1307459488L, 737822239L, 
457956403L, -252667646L, 1237240253L, -494448292L, 1592941162L, 
257014616L, -160938491L, -2026619598L, -1820716388L, -1828080236L, 
-603401186L, 151284408L, -268186659L, 5844795L, -1193945240L, 
1990587507L, -460367022L, -1805858358L, 456888037L, -840752644L, 
-1931232404L, 1420970493L, -393104326L, 2137988692L, 919660496L, 
2130802915L, 1814543512L, 769835381L, 242193037L, 1543339560L, 
1306151129L, 1697550953L, -617519329L, -655174433L, -1995075181L, 
724404449L, -1123917781L, 102516257L, 930606956L, 1657673732L, 
304834945L, 1467433613L, -671220344L, 1398984683L, 846910091L, 
-314690946L, -1087089069L, -1855499719L, 621704522L, -542566639L, 
2081381173L, -1055890435L, -1511044161L, 1855168040L, -472340474L, 
-560158290L, 1857656050L, 1804770401L, 1332995898L, -1482988845L, 
1699072900L, -358730471L, 1619428147L, -489466296L, 101729970L, 
-18337111L, -1726175688L, 1685342437L, -2056501922L, -663198912L, 
1709945935L, 2045084131L, 1109536298L, -185567247L, -1515371393L, 
-825831050L, -553065140L, -473660503L, 74546919L, 1941883568L, 
407853528L, -1899506206L, 171788606L, 1200228796L, 1189732403L, 
664736243L, -748046724L, 253070088L, -2105490480L, 1916593635L, 
-1864865080L, -2027044698L, -1496044597L, 1808617997L, -1516365701L, 
1777359529L, 719948783L, 111966263L, 1242773776L, 1976440189L, 
-331946442L, -261581498L, 631738666L, 406071222L, 1768361387L, 
918995682L, 1341669910L, 43632211L, -333635718L, -274264L, 775032753L, 
141946513L, -1173913117L, 106116192L, -678307396L, 1156879066L, 
1693346498L, -100430724L, -1271247957L, 284905537L, 1995001920L, 
-839906647L, 1125988305L, 295644015L, -2022940104L, -1548356042L, 
-2034773498L, 1672611827L, -421324854L, -289025130L, -1979197964L, 
2097351294L, 722183891L, 942984517L, 1270709134L, 800027928L, 
-336927504L, 493595177L, -1226373464L, -501659988L, 847943640L, 
-1047181067L, 1535989363L, 5301747L, -784657348L, 1604477682L, 
-322768969L, 1038761067L, 1375760666L, -224493943L, 106852764L, 
-553441715L, 1869483979L, 1454679897L, 1659489250L, 701069019L, 
-658768722L, -1483174151L, 125171383L, -1102439128L, -301422102L, 
-1327202752L, -1660409429L, -212999342L, 1950754489L, 817584737L, 
1608907831L, 1652486373L, -1729777413L, 671250026L, -1941207067L, 
395582019L, -460331046L, -1347870207L, 1311719628L, 1630962183L, 
1101611296L, -1301930813L, -1435254669L, 1619340878L, -554643587L, 
