.__global__ <-
c("opttype", "plottype", "greek", "my.tkrplot", "mu", "sigma", 
"paths", "tkrp", "position", "shortput", "longput", "profit", 
"S", "K", "r", "div", "facevalue", "dur", "conv", "yldchange", 
"couprate", "discrate", "maturity", "ratefreq", "durtype", "FV", 
"r0", "u", "d", "q", "bondmaturity", "fwdmaturity", "coupon", 
"nsteps", "ratesteps", "futmaturity", "strike", "optmaturity", 
"exercisetype", "longcall", "shortcall", "longcall1", "longcall2", 
"shortcalls", "quoted", "convfac", "accint", "pd", "defaulttimes", 
"recovery", "Notional1", "fixed1", "homerate", "Notional2", "fixed2", 
"foreignrate", "SpotRate", "nperiods", "settlement", "storagetype", 
"storage", "storagetime", "convenience", "incometype", "income", 
"incometime", "t1", "r1", "t2", "r2", "Notional", "f12", "fixed", 
"Instalment", "positions", "deltas", "gammas", "vegas", "neutrality", 
"option1", "option2", "market", "float0", "spotfreq", "nu", "delta", 
"lambda", "fromfrequency", "tofrequency", "fromrate", "shortcall1", 
"shortcall2", "longcalls", "s0", "Rate", "longputs", "fixedrate", 
"swapmaturity", "strategy", "price", "conf", "horizon", "distribution", 
"val1", "val2", "mu1", "mu2", "sigma1", "sigma2", "corr", "weight1"
)
.Random.seed <-
c(403L, 10L, 105663714L, 312640957L, -1007463881L, -1339506466L, 
168635416L, 2130056059L, -1006804199L, -1384513624L, -1208180906L, 
866199505L, -468487293L, 254146066L, -251440732L, -1150745241L, 
1224026813L, 1164782132L, 1697182106L, -1468445211L, -105690753L, 
585113862L, 1287559824L, -2109289677L, -1846480687L, 934421120L, 
-420768930L, -589283159L, 1137197915L, 68071786L, 1537938444L, 
1467331663L, -1247165179L, 1824040380L, 85094546L, 2089869L, 
-195963961L, -1020876626L, 328198408L, -1760913653L, -1660636695L, 
1383249592L, -1893482138L, -1686961663L, -1276298093L, -310974654L, 
1559689460L, -1355451145L, -2025763603L, -322134140L, -1768640086L, 
-272701675L, -1373030993L, 1385471414L, -1453120544L, -959698141L, 
-438629311L, 1364180784L, -712626866L, -108990535L, 1967991243L, 
-967751046L, -1748942980L, 1356500927L, -1211271019L, 1503897260L, 
1009202306L, 243446877L, -687039657L, -2136127938L, -368555400L, 
1908463963L, -1661626183L, 1456118024L, -1319334986L, -1619703567L, 
-241197277L, 273385842L, 918076356L, 59537287L, -185672355L, 
1991832404L, -1089377926L, -900389691L, -574958049L, -1545780826L, 
1659384624L, -888340013L, -1682233359L, -240926432L, 56008638L, 
1292021705L, 161652603L, 127116618L, 468824492L, -127226705L, 
1736423013L, 1880346140L, -1482235790L, 113555181L, 632060711L, 
-432474290L, -288669784L, -1071567957L, 724936905L, 1685385432L, 
-1481806458L, 1749288033L, -1984412173L, 1865483362L, 826049236L, 
-703593513L, 1449171405L, -38892188L, 1170876746L, 764817589L, 
-234891249L, 1601351958L, -1152791616L, 1769654147L, -1854347871L, 
-619779696L, -297872786L, -38648807L, 977123499L, -1403040614L, 
-717534116L, -1218094753L, -1127142603L, -330699060L, 1697487906L, 
1090100861L, 1379279735L, -554550114L, -382121128L, -1995477317L, 
-1892544423L, 1962775528L, -2079115754L, -370599535L, 253000259L, 
-912508590L, 1413459428L, 891761703L, 1256120445L, 1721347444L, 
-1417166502L, -211884123L, -1652176961L, -1208157114L, -1025791280L, 
880579827L, -1480396271L, -1107606464L, 1532373022L, -1185048855L, 
-81558501L, -1283535830L, 1653616460L, -1421003505L, -1726171067L, 
-274832900L, -304140206L, -1671022131L, 894634887L, -1011319186L, 
-891474360L, 194480203L, 441549225L, 1859206392L, 944662566L, 
-651585215L, -1888831789L, 697966210L, 1853932724L, 1758567479L, 
93789997L, 1450908740L, 1907114346L, -359105067L, 1291492207L, 
1045504630L, -1669319264L, 644547171L, -608656639L, 696760944L, 
1334973966L, 1077296761L, 1912039947L, 1712038714L, 1807628860L, 
89962879L, -77622571L, -1137900820L, -721431486L, -933098595L, 
-406281705L, 781531006L, -1548872392L, -1302953445L, -1844155527L, 
93859272L, 166048246L, -2041084879L, -163572125L, 1138002482L, 
1551415172L, 174400967L, -1644057443L, 1955490836L, -1371157830L, 
1405029125L, 2330847L, -965973658L, -1631363856L, -598046701L, 
1080155569L, 880834656L, 222975486L, -966925943L, -1469245765L, 
-2103160182L, 1515236716L, -1646036241L, -1799846619L, -1893043236L, 
-775224910L, 548053165L, -61378457L, 1130917100L, -667528108L, 
-2053943534L, 1891059616L, 1770066892L, -241286304L, -1270934334L, 
1255822888L, -1890568788L, -79426756L, -327919758L, -1975216336L, 
-1016605148L, 1585689656L, 1954156762L, -479566448L, 711764732L, 
1018602388L, -23632062L, -2023256576L, 1873450556L, 1930467920L, 
-690149726L, -995032248L, -195857908L, 120023260L, 1616915026L, 
-650342272L, 919628628L, -20351512L, -1374437638L, -586142896L, 
750754860L, -81958540L, -1256532334L, 126062176L, 960390796L, 
234850144L, -286004510L, -1933283160L, -645993268L, 333611516L, 
-511438926L, 1015663088L, 1127486916L, 1953405784L, -1085411462L, 
532710832L, -607984196L, 315237460L, -1827727422L, -2111162592L, 
-921605188L, 239601232L, -1433171486L, -113752728L, -1313260212L, 
1792652540L, 761670386L, 1401783040L, -1640403340L, -517180408L, 
-15578694L, -1581001776L, 1689527788L, -1600155756L, -395600174L, 
535419488L, -3408564L, -34393824L, -2141237630L, -1205099032L, 
-1623686164L, 77380156L, -1320106382L, -811099280L, 1921093924L, 
-1454345672L, -1224377958L, -1872212528L, -670511684L, 317756564L, 
-56231806L, 858176960L, 1033596732L, 891084944L, -1313019102L, 
852740616L, 325519628L, -955995748L, 825567762L, -1518301312L, 
234048276L, 548667688L, 1379190842L, -1473938480L, -832999828L, 
-164212172L, 1114400402L, 188661088L, -2090497716L, 1916769248L, 
211632546L, -1024190040L, -2118101364L, -36864580L, -1382165902L, 
-2072679440L, 1057997380L, 1996140632L, 1092133946L, 12588144L, 
980444220L, -1089764076L, -1394308414L, -1030179104L, -1622504324L, 
-109933872L, -783332958L, 1851112488L, -922573044L, 1450905020L, 
1112000306L, 125570752L, -1908658124L, 752488136L, -1751496518L, 
398107280L, 1764949740L, -1241138604L, 894725778L, 1382583584L, 
-1738029620L, 1955491552L, -1081113406L, -1862009816L, -29887572L, 
64450236L, 1575196658L, 634968624L, 908231588L, -1764176456L, 
86019930L, -1776557936L, -68972676L, 1814484244L, -1130149566L, 
2127828224L, -1428840004L, -1203010224L, -949563102L, 949957192L, 
1264419852L, 1030918748L, -360913454L, 156761600L, 2061629780L, 
1129983208L, -1036625670L, 971537104L, -289292500L, 422495476L, 
67804562L, 2109862240L, -547221492L, -1945278240L, 1675974242L, 
-1958178648L, 1131987020L, 1503467388L, -424088270L, -1217548688L, 
1960982340L, -1438012456L, 1969039226L, -1068424144L, 1508894652L, 
669760084L, 1874229314L, -1475238240L, -2013293892L, -1733128240L, 
-610168478L, -24089880L, 148450508L, -87725572L, 858075634L, 
-1306830720L, 1745894900L, -1931646328L, -1603639494L, 1485283664L, 
-36257684L, 1903412628L, -646359982L, -1009438240L, -434974516L, 
527817376L, -129050238L, -1541174040L, 413881068L, 529602876L, 
-1124010894L, -363012496L, 1527260708L, -314300360L, -47827686L, 
-1366421296L, -2101240516L, -12165228L, 532275074L, 747806656L, 
-1165539780L, 535030160L, 956498978L, -11568888L, 317551756L, 
699384604L, -1171097454L, 1719708032L, 1383644180L, 647683880L, 
-1291835846L, 1147204048L, -6164116L, -1289865292L, -232776174L, 
-1898661758L, -1166708240L, 1657374617L, 1624007051L, -382657412L, 
-880331094L, 706687199L, 353752681L, 347505790L, -722072468L, 
910298301L, -1138358905L, 2071372144L, 1188156430L, -461543109L, 
-76499427L, -828208438L, 586270184L, 1648528081L, -903178557L, 
-547119676L, 1927019122L, 1812603719L, -819750127L, 589448854L, 
7117812L, -1623579259L, -1144882993L, -807153208L, -405188506L, 
2122270355L, -1197091339L, -1696110638L, -1188875232L, 940598793L, 
1482800955L, -708250996L, 1153296154L, 1585195407L, -1697757479L, 
1628703086L, 1550963964L, 834711149L, 592374295L, -1458708512L, 
