.Random.seed <-
c(403L, 23L, 1236156582L, -46525413L, 726045513L, 2113517714L, 
2139589810L, -1137175648L, -374242083L, 82345021L, -1192142246L, 
1795048106L, 1627915417L, 2025337298L, 1344313104L, -815105951L, 
1040848203L, -127419575L, -1816489143L, -19724096L, 1970194502L, 
1102884207L, -1331087869L, 450327139L, -1321583460L, -1850810960L, 
1126097163L, -268899535L, 1300285528L, 118539181L, -1239826001L, 
1936922162L, 2140472016L, -289194606L, -512919592L, 2121911029L, 
1663634319L, -1224873112L, -422948192L, -1224585034L, 2011745291L, 
1823958651L, -1608468620L, -341474724L, -884051593L, -136777752L, 
103983510L, 774172431L, -623565319L, 2140715615L, -1347745717L, 
-1510100838L, 85129636L, 2133494453L, -1459633791L, -1254921431L, 
589571922L, 1556103958L, -994654387L, 1711760715L, 940584174L, 
-856044365L, -675578835L, 434327832L, -1810981850L, 78034008L, 
-347397302L, -1971725201L, -398049043L, 1952999366L, 237858782L, 
1616625340L, -537917511L, -2088073391L, -1629334186L, -1734601578L, 
1872162853L, -360693146L, -117058764L, 1065748245L, 1565572519L, 
-670150027L, 176601765L, 384349308L, -1260953150L, 1872886651L, 
-1058793049L, -1677819049L, -1116299296L, 308633692L, 1047769711L, 
769453189L, 1387939132L, -797103271L, -1713846869L, 1858898446L, 
1913754836L, -318731354L, -1505009860L, -1280031335L, -375290749L, 
915134332L, 836100284L, 1466201026L, -206803865L, -238717137L, 
-773164784L, 1681588040L, -1900761133L, -1200333796L, -1259813606L, 
-1007526045L, -39527291L, 1035207595L, -663564809L, -879075020L, 
1943681246L, -1640104838L, -1944546027L, -49473420L, -1158455965L, 
972127742L, -733007708L, 1372712275L, -262102898L, 162568566L, 
-198544625L, 394653311L, 261510329L, -1696956082L, 985176421L, 
-1641282155L, -523425525L, -18407467L, -1007301850L, 1646992077L, 
-591388276L, 955077837L, 227979491L, -1143739518L, -1500137271L, 
1529992455L, 638574074L, 689483150L, 390333748L, -1369873489L, 
-642918122L, 833733410L, 1032169880L, 349151188L, 1198561379L, 
-2014586118L, -2005320503L, 735151772L, -247506370L, -701227251L, 
-1652446348L, 380773508L, 1086741673L, 89176121L, 845125859L, 
768357408L, 283344451L, 112541603L, 1428797141L, -352257353L, 
-736719444L, 807859363L, 304690946L, 1157299283L, -1244204507L, 
81410604L, 971265023L, -1784260258L, 1111462615L, 1628258334L, 
558527502L, 1891440796L, 747415353L, 1865463272L, 63416696L, 
-954970943L, 1302710206L, 171901226L, -27221789L, -1119192485L, 
-1745697559L, -987128357L, 728801676L, -592717247L, -714292136L, 
-1799210715L, -1905319627L, -1422653913L, -1047251516L, 1029361377L, 
972844829L, -1833166130L, 1918233285L, -1122226805L, 885348156L, 
329601296L, 606683070L, -2098894782L, -772733445L, -6928792L, 
-803694595L, -1830598612L, -520954424L, 253867118L, -1279849249L, 
988733334L, -1016313354L, 549161671L, 941550432L, -826434276L, 
1273130249L, 404728553L, -285764477L, -906818307L, 314149958L, 
16784963L, 246804550L, 1520997163L, 600498175L, 1123133665L, 
640211882L, -1330803345L, -569757909L, 56138012L, -1444081L, 
-1452879283L, 1248113306L, 1196743190L, 622625648L, -570933564L, 
-1822920683L, -931241574L, 1895782779L, -1037568558L, 2125398674L, 
82557240L, 181147493L, 748814804L, 747300332L, -1558790555L, 
-221477334L, -116670066L, 2077537879L, -1429384161L, -420415563L, 
-161156993L, 1212975696L, 1150235725L, -380729396L, -608749895L, 
1677125305L, -1669807453L, -1418641904L, 1036937901L, 1674493857L, 
-2129694782L, 1782528369L, -940770097L, -1554803104L, -468895628L, 
1162737418L, 949989062L, -281854545L, -973232572L, -998710047L, 
1756429088L, -311213412L, 1202309546L, -661577845L, -167557518L, 
-2007414630L, -43457557L, -636447188L, -1227879296L, 1789410557L, 
-55962419L, 775784719L, 485893281L, -49640717L, -1472570976L, 
-1964653944L, -818555225L, 202847240L, 1814326728L, -701170856L, 
2114507534L, -352710855L, -1647795218L, 2040463968L, 984364994L, 
-766716804L, -1567149188L, -1074846787L, 459088754L, 1167425058L, 
-15849685L, 166979007L, -1584804104L, 931804891L, 958859775L, 
-520090619L, -1899578185L, 1346086320L, 345572397L, -818126145L, 
1592811147L, -2112896945L, 1818653703L, 1551987846L, 1331206327L, 
-1874185951L, 982157858L, -765539458L, -577149367L, 1683329546L, 
666283526L, -1458092298L, -1995926264L, 388233631L, -1229742348L, 
1387050986L, 729900428L, -943232966L, -1835393710L, -1994693821L, 
1694720636L, 828730580L, -277822167L, -1255656599L, 1163786990L, 
1411954217L, 1137116345L, 1915354199L, 641403373L, -104188758L, 
-2069058857L, -38994387L, 1910710849L, 1555940129L, 673883641L, 
-1814773312L, -1563150395L, -851594481L, -780274260L, 192100100L, 
-1235204365L, -1376880620L, 540598404L, 1486689668L, 456810218L, 
1684630877L, 775949250L, -2091114572L, -391632834L, 1272893592L, 
612094464L, 1894234337L, -1509035394L, -1133112002L, 447756887L, 
-953005797L, -416064612L, -36428241L, -1716937037L, 731625985L, 
1111576019L, 763014380L, -130626351L, 2019123859L, 1018307079L, 
-1548265005L, -1710873429L, -2076911870L, -1703100549L, -1327444491L, 
-760787818L, -10343902L, -1490419411L, -1670344466L, -1072400070L, 
509183850L, 1524705260L, -838462821L, 14213264L, 1059484790L, 
913779392L, 682132478L, 1965163358L, 1075643007L, 187419808L, 
-2118584488L, -621799443L, 737864877L, 891188714L, 1740808926L, 
-612848362L, 1168497053L, 1786030081L, -1039971981L, 592473878L, 
753609601L, 463746207L, 167852250L, -2020076318L, 1243427478L, 
-274964243L, 1948241922L, -1867212623L, -1128543548L, 1784016681L, 
357520723L, 1578180331L, -1951909634L, -1149092962L, 1458723636L, 
-367191317L, 966342104L, 1988709832L, 454597627L, -1083571797L, 
-127576961L, 1835486366L, -1959057413L, 478225938L, -23681765L, 
-2060514498L, 2016986968L, 1937932324L, -466644629L, -770318209L, 
-1721456699L, -1011049536L, 1907238463L, -584771863L, -1258099568L, 
-1167217304L, -73094804L, 1982584179L, -1514172144L, -1528194589L, 
-676658510L, 1177072951L, -323220175L, -1650629291L, 1617795248L, 
679216776L, -798245038L, 1206817153L, -60746142L, -1029136330L, 
-1043694339L, 92140213L, -1476481599L, 327592352L, -266431347L, 
1551775040L, -536922355L, -329997384L, 718986522L, -1357473166L, 
-463241175L, 432186661L, -1043207073L, 994599018L, 198577933L, 
696899187L, 147900126L, 57268838L, -1019702614L, 796175409L, 
738068062L, -1009252451L, -1278993944L, 1827924397L, -985082097L, 
102018631L, -862213182L, 1760010058L, 1068640384L, -1351215961L, 
2092060988L, 90836532L, 1523194127L, -1159208361L, -485584189L, 
-563051342L, 1632886951L, 1431781230L, 2050300719L, -2104695702L, 
1013243964L, 189979656L, 1123519231L, -1677975189L, -1107333671L, 
-543609604L, -1021045773L, -1952247291L, 813885068L, 1341878052L, 
-1595201576L, 799872479L, 1016235892L, 1136184615L, 76624206L, 
-1651435078L, 929559338L, 1178143643L, -1254183772L, 576094519L, 
-1272047069L, -1317922869L, 2776123L, -160478564L, 1043804599L, 
-1769328830L, 1431231134L, -1935540338L, 1739576983L, -960990347L, 
1191144739L, 1359671495L, 1803857707L, -2025128274L, -919541509L, 
840584692L, -1586584656L, -1596549638L, -993349490L, 1058890487L, 
-779001850L, 96750227L, 976426535L, -1135092799L, -2018226898L, 
238261006L, 968150664L, -341377660L, -887782336L, 851796973L, 
-298007870L, 37021729L, -11479947L, -217105367L, -150561663L, 
622117466L, 1305725217L, -1103537020L, 2031436440L, -433087640L, 
1714815513L, -225721729L, 1684110853L, 905910801L, 307183369L, 
1210222176L, 28195097L, 1524392606L, -715369790L, 2085492216L, 
1575007348L, -201595L, 568600976L, -19858905L, -518327249L, 1489980048L, 
-886276848L, 2125845641L, 779613295L, -856550894L, 730422507L, 
2065306059L, 1238888868L, -120269862L, -1613822335L, -1345064108L, 
-1819143148L, 1933374034L, -523950376L, -1120363896L, 2128692152L, 
564047085L, -1262616681L, -899889548L, 1562325934L, -321087925L, 
-719444234L, -1217035422L, 461204463L, -1385627979L, 1683882822L, 
-1219120999L, -1692100131L, 1287590109L, 120009021L, 1007508565L, 
-1222561467L, -70369706L, 944930130L, 493981435L, 566545985L, 
