.Random.seed <-
c(403L, 148L, -563502693L, -734030375L, -972277223L, -298542096L, 
-1116525802L, 773276191L, -1379561389L, 1361239795L, 442864844L, 
210152608L, 846374587L, 137174017L, -1440513880L, -1269894723L, 
707684511L, -1821160030L, 554952576L, -2111687934L, -991392152L, 
1091478597L, -633233025L, 5212024L, -476854832L, 834746374L, 
685605115L, 656875723L, 1476598436L, -1059541588L, 952321447L, 
-1854993768L, 1795551718L, 527106431L, -911590999L, 332767567L, 
-889035077L, 1725863306L, 1110946676L, 1684105861L, 1989454449L, 
2077609945L, -964056158L, 241145894L, -1308883683L, -495758885L, 
-936866594L, -133549021L, 1609296669L, -282064536L, -917303530L, 
1501795400L, -61130982L, 1577437183L, -471634723L, 1296327126L, 
-1273996498L, 1883281708L, 681672393L, 989975777L, -16176218L, 
-1094878714L, 1263496149L, -232518826L, -790311708L, 1544692357L, 
1324327639L, 2069201637L, 376152341L, -596390516L, 165493234L, 
-1677284213L, 1951789911L, 889546311L, 1521801776L, -726961172L, 
1058755775L, -1500084491L, -1579061908L, -653383479L, -422102149L, 
1635671966L, 717555428L, -934128074L, -649721620L, -1668962295L, 
106996563L, 548690412L, -32304180L, 468707634L, 1184391735L, 
-1060780897L, 1826094624L, 2111092216L, 713288675L, -1372484244L, 
-1730446134L, 54452595L, -543779371L, 1017990331L, -1670965625L, 
213523926L, 2037589360L, 2130861329L, 2144005589L, 324193261L, 
1525990086L, 1085182130L, 117462337L, -1317895985L, 1322060482L, 
1789513551L, -1510960103L, 810996244L, 1759890042L, -1230718690L, 
-1588539243L, -1754870043L, -371959237L, 639673637L, 540954166L, 
153381917L, 1672294652L, -321914691L, 435972595L, -1086815406L, 
-1403494695L, -350377L, 38925162L, 871141374L, -2052078300L, 
1850621055L, 1997149958L, 1245249362L, 1872949384L, 1731106948L, 
458610035L, -1307207382L, 169504057L, 310098284L, -1221551474L, 
2124199165L, 1493825156L, -70438988L, -1273763911L, 1024443497L, 
411540691L, 240374736L, 1980151539L, -1800209933L, -1704182747L, 
-337913977L, 1350539708L, -1932018445L, 1154172658L, 748081699L, 
171179317L, 2136790268L, 2011511503L, -614988203L, -1797768156L, 
-18286344L, 1683554654L, 1252680769L, -1350840452L, 784005952L, 
-1922785182L, 71866038L, -859055127L, 1131758472L, -1873795585L, 
1940400802L, -1819786752L, -1483997685L, 921327644L, 609332913L, 
-805621016L, -1227449579L, -2064825851L, 807373783L, 1830867124L, 
-1254761647L, -1828022003L, -1971060290L, -1786925483L, 758816763L, 
412815276L, 1096541280L, -1934915154L, -602836302L, -1356822517L, 
-2027465288L, -1561125491L, 489528476L, 1760451288L, -254385058L, 
53604687L, -1496408634L, -2010128314L, -1292762473L, 703284624L, 
-379672628L, -1623715943L, -1170902119L, 414638867L, 1590654157L, 
-1483184810L, -2052675085L, 1488112886L, 889806491L, -209982865L, 
-453076079L, -1335354182L, -2011681857L, -564440805L, -621353940L, 
-1352354177L, -2105733603L, -1820089430L, 1937689702L, -49485376L, 
1166387860L, 1458626821L, -816597046L, -548816501L, -824641662L, 
-67416958L, -544220152L, 2090022549L, -1386272860L, 346785276L, 
-459865931L, -352614950L, 858477310L, 855898087L, -1351541009L, 
-1431949019L, 409550127L, -439032416L, 2058681917L, 2035364188L, 
1614962153L, -1741087543L, 2047019475L, 612508032L, 787421277L, 
160777297L, -833936078L, 230823553L, 1453624575L, 61288400L, 
-747706492L, -782578438L, 1282039286L, -1257365057L, 74305812L, 
-1276311055L, -1523305648L, -52806740L, 548603290L, -1609668421L, 
-508202206L, -1597098518L, -2097389125L, 1199529180L, -178949520L, 
1183642445L, 1949658941L, -323777633L, -958995215L, -2002858278L, 
-1826928193L, -1305443350L, 1234449951L, -944649485L, 376462301L, 
1298025398L, -1752065381L, -746566673L, -763725888L, 1544602411L, 
40503089L, 1623799710L, -1477679238L, -1269254803L, -430618686L, 
-1321657742L, -2072546981L, 76919439L, -47949048L, 1458475019L, 
418378223L, -67491339L, -703441625L, -425650016L, 373826013L, 
209337231L, -1535652037L, 1863136703L, -600045129L, -1743647210L, 
-258545561L, 732021649L, 24308466L, 2010868558L, 64263033L, 1859083642L, 
1464213654L, -139894298L, -401587880L, 787056495L, -1161216156L, 
98171802L, -1325436580L, -2004734134L, 1238827426L, -636965965L, 
-412150164L, 366385060L, 833696089L, -315415559L, -17320642L, 
109174809L, 436675497L, -1986026713L, 300852445L, -1877584038L, 
-6373785L, -2096118051L, -733728303L, -329101711L, -1170658615L, 
-54394736L, -755109643L, -1050818785L, 12520828L, 519926100L, 
-927312925L, -1515189468L, 1494279956L, -642198572L, -1524051206L, 
1932747021L, -1224322926L, -1273812412L, -1456889202L, -1911489592L, 
-1032572112L, 104630161L, 1083734286L, 898051726L, 1159273063L, 
-1717849973L, -1022400180L, 107477439L, -8820253L, 204914033L, 
-1048750525L, -1647585572L, 2105112225L, 930680387L, 1511345271L, 
-569292477L, -2053170341L, -904718830L, 1274937515L, -989236795L, 
-317755994L, 1369304946L, 907931741L, 1723439998L, 220517994L, 
2049830874L, 322143836L, -1597211669L, 564258656L, -485140058L, 
-1691337968L, 186770702L, -721976594L, -1483420241L, 422463152L, 
-1303290488L, 1998127101L, 1821478205L, 170036826L, 905329621L, 
661951301L, -1961777477L, 360758993L, -1158689202L, -976413037L, 
607591849L, -2113940187L, -1674489523L, 374235925L, 1878599284L, 
-305481967L, -1264790661L, -1069418920L, -533821676L, 1719043257L, 
-1011329245L, 931666651L, -1315839090L, -1722656242L, -95850108L, 
438285147L, -173887224L, -711455784L, 1590350539L, 829109979L, 
180430127L, 504059470L, -1685522293L, -2000255806L, -2069393749L, 
-999310482L, 48752552L, 1326235988L, 867362427L, 1419495535L, 
162803445L, 1121989904L, -696126993L, -263853351L, 155364288L, 
-325374376L, -374651364L, -1813989789L, 439066304L, 1368720211L, 
2142395714L, -464905465L, 499156737L, -612478747L, 242106816L, 
-2043124232L, 460848898L, -1507995343L, -164978254L, -315161658L, 
1205735149L, 897421701L, -1805793199L, -1311618416L, -1087127363L, 
-1922153712L, 1357591165L, 10155208L, 1954428554L, 492329794L, 
-619135879L, -225997451L, 620836399L, 1036683322L, -380314371L, 
332891427L, 1714697678L, 692433430L, 88755834L, 1994489729L, 
319764622L, -1982235987L, 447228952L, -132661347L, -1617859681L, 
-412536137L, 799051538L, -338770022L, -2011529104L, 1882682327L, 
926152140L, 1997043044L, 1799674879L, -1957392921L, 1536376307L, 
1155215330L, 1980721591L, -653289026L, 377502559L, -249876102L, 
-107728724L, 244342584L, -1201582001L, -149710885L, -896613175L, 
-361664916L, -486615165L, -965887115L, 1440605308L, -1579540524L, 
-794517816L, 785079247L, -293078140L, -1300606761L, -233017058L, 
-775896685L, 441905461L, 1041525593L, 2004629500L, -1925517556L, 
-339637258L, 915964933L, -960094706L, -1757463958L, 1169333401L, 
-1439019415L, 1145409677L, 841545676L, 679505873L, -1919439483L, 
-1267034797L, -146471209L, 759454715L, -1441623810L, -279888661L, 
744223812L, -1581965216L, -509798390L, -11032098L, -1169632345L, 
-675393642L, -397970045L, -1348541289L, 1486744241L, 984661918L, 
-1756795618L, -1008981960L, 807038804L, -721029232L, -1203367427L, 
1071321970L, 905565841L, -1348277371L, -638854343L, -1670499983L, 
95720938L, 366569809L, -1722983564L, -2098478456L, -652789544L, 
-1791880503L, -1683248881L, -15594123L, 670131169L, -1728682855L, 
1272455664L, -1289276631L, 1727282446L, -561836014L, -1864440504L, 
2103757828L, -354571467L, 1390151584L, 827269541L, -34610271L, 
-1788469605L, 755460016L, -1207961680L, -30459478L, -1793768866L, 
-246699090L, -1159139433L, -183811512L, -1399811197L, -246287945L, 
-1972376225L, -660043721L, 1333876610L, 2109410856L, -1527649288L, 
1177999688L, -92208643L, 1180058599L, -1195887100L, -905507266L, 
338680667L, -984217402L, -1648077518L, 739302495L, 851449797L, 
1661518582L, -1999997079L, 308987821L, -1621917043L, -1299442259L, 
1090570725L, -812960171L, -1493900122L, 1614839810L, 361791851L, 
-1245283119L, -195842740L, 2031574265L, 1850739693L, -498564094L, 
559348444L, -724591321L, -1251130658L, -1490060746L, -809828812L, 
-1586975810L, -1781142930L, 160647406L, 585336059L, 116711241L, 
