.Random.seed <-
c(403L, 176L, -1544986965L, 1967274764L, 1370809523L, -1074270084L, 
1272176128L, 1030583483L, -1010711648L, 1059138151L, -483154787L, 
-1776473706L, -1701613475L, 1435703338L, 947425862L, -1590223903L, 
-1723459570L, -1972862455L, 1179771015L, 957296456L, 1902093711L, 
-1770282344L, 795246644L, 140161391L, 254545204L, -139580333L, 
340226129L, -1804441190L, -269308751L, 1937323550L, 124920034L, 
-1762164355L, 1959266330L, -1988657731L, 757882307L, 1543171908L, 
1724862363L, -651897436L, -1781537528L, -810717901L, 1924213624L, 
1177794447L, 1998184613L, -1716173970L, 2065772549L, 800161266L, 
1295019646L, 1650855449L, 1691246950L, -105684031L, -1481477425L, 
-1934196272L, -1331513945L, 970422288L, 1531325900L, 1382968055L, 
-1870928068L, 1791440843L, 897475817L, -439589136L, 1554042565L, 
-813989729L, -301180813L, 1943254945L, 1756319316L, 155935222L, 
-740163664L, -252403230L, -1340738149L, -1516896647L, -787872547L, 
-729218533L, -408997102L, -1258169720L, 1208143906L, 1550622044L, 
392603017L, 1795007883L, 742986023L, 530348045L, -1337030544L, 
1459780850L, -1125833692L, -259591234L, 88464111L, 45930357L, 
-468697183L, -107122473L, -1344980802L, 1375301300L, -867239530L, 
-1434586648L, 1297476253L, 899279447L, 847375451L, -2048726695L, 
-1493358804L, -1455098706L, 23862632L, -626004870L, -1351406461L, 
1911848497L, -129902427L, -1281305949L, 20038938L, -2071130352L, 
1201539306L, -587269740L, 1044993441L, 1366121539L, 164385007L, 
415537733L, -122823576L, -1399188470L, 1933428220L, 1504572982L, 
885128439L, 1388573709L, -1126656567L, 1102945151L, -2052812634L, 
-67546052L, -673437890L, -1601916640L, -1537756331L, -893183857L, 
-339049149L, 506675601L, 690486532L, 913459078L, 2127487616L, 
1287673682L, 101601195L, 786767273L, 1916743181L, 549664267L, 
-839446366L, -1488557128L, -1615626286L, 631698348L, 1447016345L, 
-2021220197L, -292902857L, -1881794979L, 1185699072L, 839774082L, 
-586122444L, -980581266L, -1457234561L, -1790112603L, -228373071L, 
-1736174489L, -997956690L, 1752239012L, -604534650L, 1340776024L, 
327446509L, 1591241223L, 1881170411L, -2000063159L, 104953948L, 
-1972938754L, 898228856L, -342481238L, -1739987501L, -1808372831L, 
-1344875563L, 484206995L, 1716467562L, -486208320L, 1724427098L, 
-42196060L, -1187597071L, -253567853L, 1715683583L, 1006507093L, 
-1746448904L, 256997658L, 810042828L, 209956518L, -369014969L, 
-410927107L, 1880201241L, -1031188401L, -762054698L, -129622292L, 
1362699630L, 738609616L, 1186211813L, 233046719L, -1525722221L, 
648546369L, -1478406540L, -472288426L, 48030032L, 446945794L, 
-1786564933L, 984687833L, 565407997L, 1889846715L, -23695758L, 
-268839960L, -620916414L, 241704892L, -18549655L, 411729451L, 
-1843383993L, -686672531L, 1653863504L, 1960054354L, -1227926588L, 
-389007394L, -366963313L, 161671509L, -1201947007L, 1743980599L, 
-1745432418L, -1879525868L, 1096665462L, 1200614728L, 847420157L, 
756652791L, -998071685L, -1006029319L, -969777716L, -1124046258L, 
-1698547320L, 1417926490L, -1342256093L, -196039919L, 1197578949L, 
1119019395L, -1653913670L, 1545934256L, 879720778L, -1888688524L, 
2714625L, -1979670429L, -711127473L, -1883521371L, 1984136904L, 
2025253610L, -479942308L, -2012277034L, -192969769L, 1628157101L, 
72655017L, 427776415L, -1070626106L, 70515996L, 1903196830L, 
1824678400L, -809131147L, 2107180079L, -1870659997L, -1413616079L, 
1130040228L, 1996332262L, -449329760L, 672100082L, -1644686261L, 
2005305353L, 1169500845L, 92637227L, -1731598078L, -312756840L, 
-2011030798L, 1577933836L, 638635001L, 118816699L, -463318313L, 
898999101L, 734854112L, 583549410L, 2098851412L, 1968960014L, 
-1981185633L, -917051515L, -1492247407L, -789099065L, 2099886734L, 
1295165828L, 429295078L, -1839658440L, 477470029L, 63026599L, 
-985666055L, 1034782213L, -412286571L, -790210713L, 522176316L, 
1971536828L, 245708480L, -1495735766L, -1652733781L, -1368455381L, 
-1469340449L, -292457171L, -773587510L, -1177436986L, -643392178L, 
1616125308L, 1171587301L, 1188271601L, 662270889L, 750024587L, 
1515454480L, -1624348216L, 1342097132L, -1094454866L, -281848481L, 
444021919L, 388836555L, -1239251767L, -259756666L, -238734678L, 
1898466866L, -1436103608L, -137337999L, 1393647997L, 658401613L, 
1711536575L, -151352572L, -310389532L, -2089394088L, 929191746L, 
-133902029L, -261576429L, 1032224471L, -2135640747L, -1142269502L, 
926580238L, -111724474L, 866638772L, -1746769555L, 376404281L, 
1550141457L, 96767411L, 635368936L, -233557344L, -924110156L, 
219737462L, 978333847L, 700208503L, 496185811L, -1644651423L, 
107870702L, -493681662L, -1105894854L, -922429168L, -820870327L, 
-1280216747L, -1255609563L, -1368077897L, 1696533612L, 629377132L, 
1923183888L, 2110569722L, 1356506779L, 2126563739L, 851611951L, 
1466041213L, 1219396794L, -521905162L, -385657698L, -1428961684L, 
1617923125L, 918804129L, -342218695L, -246068261L, -398543776L, 
1082040344L, 757594332L, -782668642L, -1681351857L, -784883025L, 
-1593670917L, -1499433639L, -1226189610L, -1181073318L, 1227900482L, 
-1838991368L, 491859873L, 1870599597L, 2040601213L, 1484851631L, 
-722547244L, 391967220L, -410294328L, 346659890L, -277302269L, 
-608475997L, -1074471481L, -307935867L, 1310134098L, 1180821790L, 
-556864842L, 1239342916L, -2029011555L, -1258747191L, -1737421439L, 
1166310371L, 1349383512L, -380688496L, 1549212164L, 1430654342L, 
9724135L, -26301785L, -132507805L, 890541905L, -367662498L, -2038110254L, 
-256086870L, 361498464L, 1089814937L, 573851045L, 1511474357L, 
-1090951161L, 1653945436L, -398263780L, -1910610080L, 137109002L, 
2088262667L, -175532213L, 910120255L, 1870047245L, 1098068394L, 
-1361220378L, -220120210L, -461483940L, 1636723653L, -1440538095L, 
1379202441L, -1463330965L, -1559910800L, 1377893416L, 1534508300L, 
-1651567922L, -251616833L, -1144633153L, 349821419L, -1828648727L, 
1934400550L, -878005558L, -428556590L, 1687953832L, 726242129L, 
478040413L, 18371501L, -1944269601L, -37648732L, -1496001468L, 
-180791752L, -303122526L, 1191193299L, -176662134L, -169810239L, 
-597762722L, -1237058559L, -1513666756L, 636185597L, -1840969582L, 
523859335L, 724418934L, -1994372899L, 581086822L, 1636653361L, 
1921905272L, 1616055413L, 613594758L, 1866380111L, -1356369910L, 
477781585L, -1609733978L, -1797299479L, -2048249348L, 1168666909L, 
-1496749302L, -163482385L, -560871642L, 1724315773L, 741262870L, 
1012483601L, 1427775464L, 1254532669L, 674445918L, -1518592017L, 
-1622499238L, 1523383681L, -382490322L, -1269848767L, -681095124L, 
-873016739L, 1758733714L, -1940204105L, 1622881878L, 974569405L, 
268629478L, -1079898479L, 242442856L, 936686837L, -183634202L, 
-1561492465L, -336372726L, -1013092767L, 602317878L, 1329465897L, 
234604476L, 562849101L, -976675318L, 1499070975L, 1725335798L, 
1231181293L, 1918171764L, -1378645235L, -936170079L, -1091894972L, 
-463576294L, -1766647351L, 124856665L, -1171518550L, 1712554880L, 
1751978713L, -1172894071L, -1433477008L, 1286671650L, 264184549L, 
-1754982135L, 95710674L, -385139492L, -163619915L, 1870185545L, 
1407177668L, -1668151686L, 1447306081L, 1349411905L, -372850014L, 
1676704832L, -379807527L, 363229025L, -1811155848L, 1466227106L, 
1172072277L, 1570472273L, -1949090742L, 500073588L, -1857748499L, 
365258545L, 1945910228L, 1026089322L, 1683891369L, -1238099143L, 
1093381786L, 2124637696L, 1575370089L, 1928292617L, -1867487584L, 
678187282L, -499157627L, -1390891687L, 350093346L, 2062754060L, 
-112443899L, 1565557577L, 1847265236L, -1554928694L, 308216145L, 
-1524925839L, 205380002L, -591109184L, -1046384983L, 1172445521L, 
-4067592L, -705998606L, 1310307381L, -549376111L, -1100979830L, 
386374580L, 1757515213L, -314683359L, -1388018524L, -1140266534L, 
-47692119L, 794649817L, 873282890L, -934426336L, -118437447L, 
903780297L, 644541776L, -1279658814L, 691981093L, -1167276151L, 
-1068351374L, -2028926916L, -2108673195L, -1503671831L, -1363787868L, 
563095898L, -1178685919L, 979431585L, -1817590526L, 1201497056L, 
