.Random.seed <-
c(403L, 128L, -864733335L, 1107972764L, -1297845673L, -2119422051L, 
2087331776L, 1396422983L, 884474761L, -1286070025L, 1464279785L, 
-980831509L, -1293355262L, -1072555261L, 652700135L, -1975764076L, 
-797878953L, 1308251934L, -1205500787L, -577669718L, -1828487013L, 
-1260899181L, 228258545L, 652425111L, 1823899603L, -530228386L, 
1662519181L, 76341365L, 2083213784L, 1926489344L, -89662044L, 
-391418152L, -875112255L, -722261348L, -1875635590L, 1412634328L, 
1411309954L, -2016866010L, 1871842379L, 1679543416L, 1536060312L, 
-950724867L, 1888141506L, -1391938532L, 1361352362L, -1525572310L, 
-290844343L, -1303078981L, 891832085L, -1449051312L, 1647017291L, 
2061545013L, -366330595L, -1361474169L, 1546569205L, -1253231874L, 
-697674601L, 478294032L, 746962301L, -1228172791L, 1547467805L, 
-568339793L, 1174844542L, 1896217173L, -466228221L, -953474952L, 
-40381223L, 1047539683L, 83070370L, 1254398119L, 750931711L, 
552642164L, -1319412143L, 368546308L, -52353665L, 67250819L, 
-535380610L, 724016907L, -27336332L, -1963997073L, 909775028L, 
-1832628922L, -1077386804L, 1131036916L, -508209244L, 650589732L, 
1414416628L, 78238114L, -281948880L, 1113802144L, -1912891393L, 
-2006208738L, -204789872L, 1201835147L, 2124727676L, 1161880116L, 
779937169L, -506602131L, 843407723L, 347974790L, -1999538761L, 
-2082207843L, 1758385702L, 1243568814L, -1156841838L, 751277070L, 
-121749250L, -1685160675L, -1055928527L, 109084660L, -852176380L, 
-183686495L, -2098730429L, 1606702921L, 1469436785L, 1431876709L, 
1270716251L, 1796417516L, 407869472L, 1177088835L, 1503823321L, 
1835553999L, -2110033514L, 582099657L, -340319941L, -1501832918L, 
349549742L, -1092761127L, -1932261257L, -1963421634L, 1093045184L, 
-1789159163L, -1497467101L, 745027028L, 1950928865L, 1992502129L, 
1779830713L, 1618777479L, 971758021L, 769171653L, -996187369L, 
31762567L, 496575162L, -1235585263L, -1309643684L, 567942528L, 
1232346072L, -1300279665L, 734048523L, 1808044533L, -232522377L, 
2014764989L, 1872174426L, -1075817598L, -805142628L, -10772900L, 
1530239796L, -1317488415L, -309146076L, -2123078799L, 81183309L, 
2137886841L, 70450481L, -1860324263L, -268470119L, -973580343L, 
1820743129L, -947509115L, -1585116432L, 1319468284L, -252164339L, 
1661383811L, 1754261775L, 1380016864L, 1833192232L, 9604867L, 
-1102820605L, -375202227L, -566100931L, -1986701175L, -240714152L, 
568426986L, 1759341677L, 269537303L, 923402887L, 269766018L, 
1495619908L, 1314420793L, -449071962L, 1377030990L, 1034086037L, 
234220538L, -519532334L, -794288635L, -922453868L, 1059050588L, 
-27759384L, 1687458169L, -1584551000L, 874762836L, -388958648L, 
-230164720L, -813913634L, -1178855560L, -1563434119L, -1320454683L, 
-550605283L, -1933132517L, -305553408L, 1631464272L, 40591348L, 
-1969514169L, 370424458L, -1970328567L, -323494694L, -1322069875L, 
-1258895632L, 83401729L, -1384064719L, 511206831L, -544238242L, 
1500022834L, -982210412L, 737103827L, 1364763381L, -1863456307L, 
-2027326864L, -777618182L, -1945888548L, 1089546895L, -78145852L, 
-912468960L, -1672148289L, 1217428591L, 922855067L, 1476816458L, 
-743523402L, 938058139L, -1335983829L, -1071802737L, 498646009L, 
270041219L, 1132716870L, -1674887995L, 844658239L, 268256152L, 
-685710415L, -1940072012L, -436885233L, 1176872301L, -269258922L, 
1534453723L, -705570811L, 2126189175L, 1876221661L, -1169664187L, 
184994344L, 1633194081L, -728402694L, 1195240510L, 1087244038L, 
-72678248L, -542331939L, 1438978699L, 1033086309L, 550060465L, 
-46690467L, -1257300029L, -309993745L, 1049763918L, -728843563L, 
1985104228L, -827542993L, -157423673L, -1079006611L, 651121972L, 
-2135729216L, 2064247277L, 966787212L, 563975005L, 554007840L, 
18798313L, 502130048L, -790085600L, -774989936L, -1322946285L, 
1107935428L, 244854338L, -2091615140L, -658393722L, -257836556L, 
2008892237L, -980777453L, -1992691018L, 130299435L, -1896681339L, 
-1436922583L, 1778498284L, -1690752337L, -921556337L, 1974753856L, 
1473347720L, 821960633L, 1894607534L, -723132831L, -1780816986L, 
667916875L, -115025350L, 392573663L, -1444730171L, 1903192073L, 
16185572L, 1019284702L, 1748761498L, -533774701L, -155387676L, 
548966621L, -46112424L, -222748538L, 390543658L, 388930897L, 
-134674698L, -1220359144L, 746352925L, -1499544847L, -724043157L, 
-888064114L, 700507754L, 320801506L, 1222562792L, -632915110L, 
1373953152L, -1604209232L, 963273753L, -1062798681L, 596267780L, 
-1539052860L, -2138022547L, 1922823523L, 779149782L, -1439427102L, 
1732120013L, 1787361343L, -1567292704L, 2142384810L, 1052916875L, 
-344414264L, -336760499L, -1743933154L, -2111534165L, 1729078649L, 
-664736082L, 1707220311L, -111176171L, 152995207L, 1009202619L, 
-209577098L, 1573304396L, 1365812296L, -1152825613L, -582544690L, 
1449720278L, 228241434L, -1935085346L, -320784174L, 1482822349L, 
-1889799379L, 2101916707L, 254876471L, -554589588L, -2057978167L, 
1234810013L, 121255610L, 488412805L, -1720439177L, -1326503572L, 
-1896206937L, 809012399L, 333480422L, -814481653L, 1721812214L, 
1827718820L, -940965777L, -146606293L, 144815514L, 834980695L, 
-126408418L, -2038145934L, -980541837L, 886573970L, 657443071L, 
-767647740L, -991164128L, 582922760L, 1606979125L, -1184162834L, 
-335847274L, 743134277L, -1386691225L, 1492151831L, 533868658L, 
1763564321L, 1926330333L, 955524305L, 1538704988L, 1904258619L, 
1020773560L, -1196880119L, 866017305L, -1928786736L, 2029831817L, 
-1896011321L, 2046089977L, 461324840L, -1595630127L, -611679982L, 
258719075L, -409727301L, -431446134L, -301608983L, -1466160558L, 
-210030675L, -1136268280L, 1220663694L, 1652393129L, 769676196L, 
-660969468L, 1564690746L, -1175698285L, 551510684L, -1781044503L, 
827470664L, 1384697037L, 1539054204L, 485257335L, -1273874136L, 
-1751598545L, -376421875L, 1139690075L, -869226324L, -256800548L, 
306359969L, 515516510L, 1571003609L, 1956047124L, -701150482L, 
1506360487L, 1006612756L, -1451185807L, 1270796610L, -2043245963L, 
-33341106L, -520662310L, 29623802L, 225194960L, 1331812174L, 
100102633L, -383882580L, -1350722208L, -390540855L, 1134236348L, 
875199697L, -729403108L, 719561650L, -1867713881L, 881906988L, 
-1779434453L, 711916772L, -1313933377L, -2113157281L, 5851031L, 
1622882378L, 470425209L, -487761220L, 879458875L, -552258262L, 
-1292311181L, 110482122L, -155857797L, -1082016663L, 1706857809L, 
1138377536L, 1241588806L, 1497314067L, -30550403L, -1215541423L, 
-1880718340L, 1320737831L, 1876997639L, -2013904808L, -825267993L, 
-1390286272L, 1196610435L, 1811235948L, 1181736825L, -1455955218L, 
-1064364338L, -283782518L, 853812238L, 337333068L, 1452018392L, 
1393166159L, -7864745L, -1453577807L, -1686167855L, -1806564453L, 
842508487L, -215476390L, 1236872627L, 1499459394L, -1423253439L, 
420583021L, -197941443L, 1201112581L, 1061464162L, -1990413730L, 
2063169185L, -1706879782L, 1354324146L, -1308275352L, -462025875L, 
117288613L, -7422309L, 137129725L, 852048849L, -1687204710L, 
1375411937L, 983455959L, 945142395L, -1614107787L, 410804220L, 
775680104L, 1480086242L, -832679710L, -1554883369L, 645537497L, 
1269239810L, 631367262L, 137941088L, 1187921445L, -1522569499L, 
-448168603L, -875851446L, -1898838814L, -1838625871L, -1630148372L, 
767772067L, -716606086L, 1766726959L, -1900687800L, -206478342L, 
1368769082L, 697365764L, -1975944511L, 1794815779L, 381942983L, 
-1146190309L, -2037500805L, -734003301L, 780840901L, 466120302L, 
-1377953957L, -1725215446L, -783716831L, 410781898L, 374383273L, 
79670399L, -1433591362L, -488330602L, 1663140293L, -1480494412L, 
-1917457110L, 1113675201L, -1770424268L, 186868708L, 614666579L, 
567871559L, -1883764559L, -1297866644L, -25742133L, -1997570894L, 
-1369377032L, 1257088781L, 1699343360L, -1081910176L, -761726106L, 
-482371942L, 1550633580L, 1774650704L, -1398830910L, 568136695L, 
1498063393L, 1398930244L, -2144527413L, -1103953434L, -1616588986L, 
