.Random.seed <-
c(403L, 10L, -838364083L, -1707300892L, 58930634L, -921297867L, 
-286164337L, -191663210L, -549388480L, 159928835L, -1416386527L, 
1902052112L, -1600872210L, 58146969L, -1610750677L, -595076070L, 
-1088835876L, -441923873L, -1993625419L, -520341940L, 1585453730L, 
-1213496835L, 28478199L, 494558238L, 1379800792L, -1116976581L, 
-1953929255L, 2075209064L, -502424426L, 1633524241L, -1926245437L, 
607514578L, 1639246436L, 1950493095L, -1070807299L, 688308980L, 
-416872998L, -157804251L, -980008897L, -1479016506L, -1827658672L, 
-1795143565L, -814134127L, -2009174848L, -1832886626L, -422317463L, 
-17370469L, -1078542422L, -134362164L, -1295923569L, -1779083579L, 
-1243980164L, -3853614L, -833407411L, -604267769L, -386081042L, 
1909005256L, -1845613365L, 657626409L, 180516216L, -130700634L, 
-1775940415L, 757509459L, 920644098L, 365097780L, -324378441L, 
-1980725075L, -1198328380L, -199801366L, 25205333L, 994583535L, 
2442230L, -1970309856L, 136354531L, 1504148353L, 1430216176L, 
-934574962L, -1329640455L, -1511085685L, -389802566L, -1914520388L, 
1230819327L, -244732587L, 1572425324L, -1501361470L, 1923714333L, 
1873445783L, -143550722L, 491275448L, 1958901403L, -1512598279L, 
1856644680L, -1162493578L, 1237952689L, -2084901661L, 1534401458L, 
-1500150780L, -1282144441L, 1985748509L, -626543468L, -1612803014L, 
-640127355L, -1715564705L, -501493786L, -303816080L, -1534278253L, 
-131821007L, -1160245024L, -1563358850L, -560305143L, -1217381317L, 
-1597505014L, -1304606228L, -2117005713L, -411803227L, 22804828L, 
-638196430L, 674995245L, 1573270247L, 2055403534L, 973187560L, 
-1400378389L, 366810249L, -501264360L, 948031302L, 195333537L, 
1332659251L, -247477854L, -825054060L, 460540695L, 1952777485L, 
2058023972L, 88581130L, 1296742773L, 1025564879L, -845442090L, 
-2004825216L, -1299644477L, -354780831L, 2008141776L, -561608914L, 
1470241497L, -1960380181L, 1392593242L, -186936548L, -606222817L, 
904961653L, 722795276L, 708163298L, -1451222083L, 2010381367L, 
-1861325090L, 139463192L, 763975035L, -1552528103L, 2038321576L, 
-794712746L, 1745819089L, -1187746429L, 135377938L, -685555804L, 
-111700121L, -1153121091L, 44086324L, -2053507174L, -1398610971L, 
-152215681L, -290210042L, -289933168L, -1485237965L, 1528989393L, 
782980224L, 1516131678L, 1941826217L, 1058731355L, -579541142L, 
-307089908L, -206920113L, 514140933L, 1242196924L, -693174638L, 
-1993859699L, 1146899911L, 1652698798L, 878872328L, -848472821L, 
1881285609L, -1655483208L, 1237943142L, 1674717185L, 634893971L, 
2013235522L, 912811764L, -1066044681L, 1718133485L, -1097138812L, 
-315280470L, 1577027861L, 503710639L, -2090214474L, 1477951968L, 
1277157667L, 1856656961L, 131225904L, -263853234L, 2024763833L, 
1258630091L, 114581626L, -1876885124L, 761434559L, 1802972821L, 
910595244L, -1534509438L, 596203101L, -1301726889L, -1422777282L, 
-1903351688L, 15528795L, -1312149831L, -1863703800L, -1589749322L, 
-476748047L, 530657571L, 177054578L, -1068037692L, 163803527L, 
1679051613L, 295634260L, 1615882106L, -2062864838L, 2048150384L, 
2087061564L, 481343252L, -1272468030L, 333288160L, -1654751364L, 
-1347723568L, -1592979294L, -525544408L, -48966388L, -2117914692L, 
-1302040270L, 1628877248L, -1016239564L, 1623786440L, -1742950214L, 
1844332944L, 1518234092L, 1883798100L, 17070226L, -1958291680L, 
495055308L, 1712911840L, -1835620670L, -1628529624L, -596804948L, 
-36281156L, -289672718L, -1733197520L, 1994423460L, -59838792L, 
-869929638L, -1237836400L, -1948746884L, 792490260L, -1345711294L, 
1366719232L, -1523734596L, 1592354640L, -1129307358L, 1939559752L, 
-863522292L, 754358364L, -197770030L, 1029874176L, -972647084L, 
58261992L, -1763054598L, 470569168L, -809964244L, 1316078324L, 
-884743790L, 1300026464L, 1418579212L, 624784096L, 290967906L, 
-468665688L, -380722612L, 1221196156L, 107380018L, -770994064L, 
1594126148L, 651044312L, -2053391238L, 969244208L, -512208196L, 
-1108138156L, 1783940162L, -1967407712L, -1788073284L, -1516088880L, 
247186786L, -1162965016L, -1378598964L, 286963452L, -663004686L, 
1863061632L, -762221324L, -1311961464L, -718815430L, -548234416L, 
-1582584212L, -1690859372L, 1787926866L, 621565664L, 164551372L, 
-913964896L, -609301630L, -1490607384L, -1022475540L, -1800393668L, 
-2128905614L, -454671248L, -474612188L, 298441784L, 1931659290L, 
786021072L, -239166404L, 193225876L, -1030087550L, 280682432L, 
-1726467780L, 1940273808L, -415222750L, 1170887688L, -1260197748L, 
208004124L, -1395294574L, 1939948672L, -1300803564L, 1081728296L, 
-1503486406L, -1839756080L, -790682516L, -1252019532L, 814538770L, 
-2028202016L, 879794124L, 2071317984L, 1526007330L, 1168326952L, 
1011849484L, -1152719300L, 1831645426L, 1808872176L, -1843625148L, 
-81649064L, 586484282L, -755319056L, 1203369148L, -1271409132L, 
1734326466L, 1407977568L, -1443670660L, 740644048L, -1212720094L, 
-1372110168L, -164173940L, -1536347716L, -1956883406L, -1009412288L, 
-1322145612L, 529808200L, 1043536570L, -1409116400L, 1720025324L, 
1634686036L, 1780506386L, 914447264L, 1906360268L, -1605321888L, 
-817164094L, -2001361368L, -956422740L, -1274585284L, -1315240078L, 
-1764828368L, -1994882524L, 464066616L, -1079106342L, -431363696L, 
-236189956L, 78655380L, -1848349886L, 856285696L, -1451099588L, 
964656720L, 1394653858L, -185803960L, 1906270732L, -1167119140L, 
1924717138L, 305154176L, -93185196L, 375011816L, 37391098L, -99649712L, 
-347341780L, 610563444L, 1981662866L, -428967328L, 127107724L, 
245955424L, 1336369890L, 1733705896L, 1641185484L, -1163851268L, 
1604571058L, -1669622288L, 2109556164L, 1994088280L, 498330490L, 
2105529776L, -725100100L, -477517740L, 22555586L, 344032032L, 
1715011516L, -447952304L, 356892130L, -2023550616L, -195588788L, 
-162789124L, 1638064882L, -384706816L, -2095511948L, -148166648L, 
1518369210L, -958195760L, -1166272020L, -566308972L, -1188449582L, 
1735454304L, -2116876980L, -636644064L, -1459514750L, 1712138728L, 
-1466791956L, 529495612L, 498904690L, -1046109328L, -565090012L, 
-299027912L, 683213210L, -155170352L, 15818172L, 400392299L, 
1559134189L, -1161059750L, 1224467736L, 145248897L, 1876926515L, 
1501341268L, -2082164126L, 1337079031L, -440684735L, 1684491718L, 
-897671420L, 318446261L, 1358960031L, 1455204856L, 684042198L, 
998699619L, 1645406757L, -2044554814L, 1701598896L, -382775591L, 
-1499850677L, -1152596292L, 1188685034L, 303837471L, -1361559127L, 
1204430654L, -1091759572L, 629145725L, -165846329L, -468329552L, 
-138277426L, 1364754171L, -1641986723L, 743132810L, 575294632L, 
810506257L, 1618176259L, 1759085572L, 734833714L, 1614890119L, 
1676021969L, 66945622L, 642492980L, 172380485L, 472591247L, 845172488L, 
607025446L, 1696426451L, 831357749L, 170791570L, 1247725152L, 
322797513L, 1475915515L, -1116835636L, 205449562L, -1428601777L, 
-10712807L, 1578136366L, 388603196L, -1888925011L, -1389525673L, 
-1816906592L, 1385153022L, 1240247499L, 1795353293L, 2031142394L, 
-563141064L, -2110264351L, -1551944557L, 988343988L, -522038334L, 
-1579292713L, -53762015L, 487825382L, 1589132004L, 321687061L, 
1523586623L, 533841368L, -1328763914L, 1159324675L, -913406139L, 
795317090L, -1973601072L, -498800647L, 92465963L, -545644388L, 
-1113162038L, 1618798527L, -120683767L, 389479454L, -623835700L, 
1154224029L, -1518167513L, 1641691216L, 944103662L, -887886437L, 
868832253L, 1664691946L, 221051272L, 1502517041L, 196495267L, 
1697025956L, 1793894994L, 1687765415L, 1670477297L, 1413906742L, 
62675412L, 1209397093L, 2008768367L, 1396531624L, 793704198L, 
957690419L, -683609963L, 1219793138L, -761493184L, -724420951L, 
-1596223717L, -68347668L, 313947386L, -658096849L, 1698195769L, 
-1071654066L, -463265380L, -283903219L, 895749495L, 1106282880L, 
-1416245282L, -601704277L, -1845761107L, -797618150L, -390084904L, 
-322123967L, 205862899L, 1118747156L, 1876173730L, 1281399991L, 
-1680050559L, 2082049670L, -761006396L, 2038052853L, -1952817569L, 
369146040L, 2108702102L, -1792315485L, -1690475675L, -845643134L, 
