.Random.seed <-
c(403L, 10L, 733904343L, 297687230L, 1224444664L, 161812699L, 
1492783929L, 307910280L, 1000481334L, 220854897L, 700874915L, 
1821657586L, -472438460L, -117014009L, -1937960995L, 1919113428L, 
464726010L, 2042945349L, -2011329633L, -1844494042L, -1085623888L, 
790424147L, 1448826225L, 605893792L, -1855056834L, 1269521225L, 
-294352389L, 875359690L, 406266668L, 394840879L, -1406103067L, 
1602264220L, -1855014670L, 1187377517L, 2108407463L, 971239630L, 
-1312711128L, 1212737067L, 342551625L, -682283688L, 1691292678L, 
1679742433L, -810205325L, -2046485534L, 942551892L, 1506762327L, 
1697187405L, -113739292L, 636539850L, 1724175925L, 2032270479L, 
-1485974122L, -1490884288L, 1444471811L, -843246047L, 1835172112L, 
-1828098322L, 1996460697L, 1134684971L, 881997338L, -1684841252L, 
948687071L, -840827211L, 1553004620L, 1858831522L, 1027052541L, 
-1931751177L, -1624213986L, -2042754856L, 1811905595L, 242419161L, 
721298280L, 629591702L, -772249583L, -1859630653L, -1571359278L, 
-982270876L, 2063682471L, 1054631165L, 83362036L, 560953306L, 
1707060005L, -603604417L, 1878622662L, 2058270288L, 5147251L, 
1277456017L, -1335855424L, 415916190L, 2137001065L, -591325029L, 
1569200554L, 136249804L, 474442895L, 2142266565L, -876321668L, 
916314322L, 1150679117L, 275263751L, 1977844974L, -964088376L, 
1992561355L, 1299372841L, -808125576L, -328204122L, 1190591169L, 
32467795L, -222324734L, -1968523980L, 1968258743L, 2127913645L, 
-1798753340L, 1538546666L, 53306453L, 471677423L, -91905546L, 
1915385632L, 532031715L, -1149010559L, -911844368L, 1706410638L, 
-1703004679L, 1188521867L, -11668550L, -667972932L, 233521663L, 
792219477L, -292321172L, -39813950L, -825518307L, 1408355735L, 
-1853395714L, 892516024L, 1858422939L, 2142398201L, 1884366920L, 
36510582L, 13188785L, 1021865699L, 200752562L, 19015172L, 1659018567L, 
-488286179L, -973603180L, 621852218L, -2002560891L, 215666015L, 
-166779418L, 1115446384L, 1365475219L, -579053519L, -598960416L, 
86073214L, -1560914423L, 1660878395L, 851402762L, -1655619604L, 
941831279L, 684231589L, 1259481948L, -937674958L, -1140423123L, 
-540177177L, 1168088590L, 50897896L, 66649579L, 1872766601L, 
-1102260712L, -192406202L, -326354015L, -641370573L, 941730722L, 
1856822932L, -738640617L, 1312811789L, 1015921188L, -1847926262L, 
-1219986571L, 142024399L, -739757610L, 2020531584L, 406607299L, 
-150801567L, -1937389104L, -1455374034L, -2051594023L, 601400043L, 
-1104744614L, -470001380L, 1852076063L, -371581835L, -1250572020L, 
749028578L, -224588355L, 1950186039L, 2135951582L, 796156952L, 
-1961215109L, -931747047L, -550512728L, -448055466L, -1004736559L, 
456977283L, -1252700654L, 1306323364L, 1561726311L, 897626813L, 
90763828L, 648882586L, -271591963L, 1777856895L, 1934432518L, 
-1600388464L, -440614093L, 623909073L, -1250338176L, -1022874786L, 
-1810761559L, 701995867L, 744655210L, 618953740L, -1756718001L, 
-1421210363L, 1844194748L, -1757984622L, -508286067L, 1552387015L, 
2039959726L, 531390728L, 1816846802L, -1369122464L, 993286988L, 
-1939295968L, 69732226L, -548274456L, 1021192428L, -1046837188L, 
453525362L, -628961680L, -1735869404L, 1536053048L, -430654310L, 
-1079131440L, 1175179452L, -935395692L, -1531449726L, 464879808L, 
-527128772L, -1801621360L, 525205026L, -1539773432L, -1320407796L, 
-1558004580L, -1552141806L, -262794368L, 1764435476L, -898859480L, 
-1625965254L, -2107413040L, -182110100L, -1185856204L, 1713064594L, 
-39551136L, -807301300L, -1598793760L, 837651362L, 469613480L, 
2106681740L, -410850116L, -758840974L, 1527060720L, 1741215812L, 
-265427624L, 2096925242L, 1957318512L, 992611388L, -1923697900L, 
33043906L, 1619623648L, -1157518468L, -1681571120L, -1687102302L, 
-1258495960L, -530630388L, -108266564L, 816262450L, -686923328L, 
-2073126348L, -373723192L, -722096966L, -353947248L, 368513516L, 
-1134975404L, -2003979118L, 1184121632L, -1796529716L, -1574165024L, 
1568691906L, -606439384L, 2047444652L, 1548816572L, -737829390L, 
1995713840L, -980573020L, -378377544L, 1959172442L, -371906160L, 
633952124L, -1243510508L, -289538238L, -2006790400L, 606991292L, 
-959331504L, 1917185826L, 1077228872L, 2403852L, -2145228708L, 
-681053998L, -1304683008L, 1778016596L, -295580184L, 53701626L, 
2033499344L, 221305132L, -918604044L, 345562514L, -1318244256L, 
-1336789748L, -910923040L, 1955794274L, 2128159400L, -674600372L, 
-379505284L, 394062130L, 1068006512L, -1011111100L, -1813478952L, 
814965882L, 1317201456L, 905110204L, -2059136172L, 2085412930L, 
1087048096L, 348149436L, -1468838448L, -1088508574L, 376449000L, 
941776844L, 1104265980L, 547505650L, 1195441280L, -1542366988L, 
-1784153464L, 1820666682L, 917059408L, -1301759380L, 189319316L, 
897401170L, 116942560L, 271537868L, -1442096992L, 816617346L, 
-1227094296L, 1738997484L, -930602948L, 2026186354L, -1082330000L, 
1504303652L, -1142118344L, -45617126L, 590390992L, 1979194428L, 
1431542932L, 1097353346L, 563740608L, 692029756L, -1541839216L, 
-919412702L, 2133948424L, 1725799564L, 1353765916L, 2047052434L, 
-46411648L, -1222171628L, -1159956184L, 331864634L, -1240271664L, 
-5778324L, 709947060L, -403126254L, -1601533984L, 226567116L, 
-986628640L, 517374498L, 1615719720L, -567827188L, 1725488700L, 
-1623043854L, -589574416L, 729182020L, 1980137048L, 323160634L, 
-1339937040L, -429059908L, 102126100L, 1150375106L, 1524135008L, 
789757308L, -2118741808L, -918371294L, 1190190760L, -1920302196L, 
558108092L, 1561558066L, 625289024L, -32807756L, -1112987832L, 
-48313670L, 455802640L, 1696013548L, 1103266900L, 2060087058L, 
-78940256L, 897422284L, 24621920L, -1396554558L, 1120556584L, 
-879045204L, 1418144572L, 118617970L, 466917168L, 280352292L, 
-518003656L, 950010074L, -2100996720L, 1699592956L, 595547028L, 
470734658L, -269214208L, -1377581508L, 743262800L, 1544443554L, 
589448008L, -1381748212L, 2071083228L, 1354496594L, -1465249664L, 
1523206996L, 1433134568L, -2107375878L, -14693552L, -1494258644L, 
1879935348L, 1499100818L, -714486176L, 2066163340L, -386946631L, 
-1128199573L, -1884265124L, -1476995958L, -2087994241L, -1761946167L, 
-1078612386L, -533123828L, -425838371L, -1017588249L, 589680144L, 
922796846L, 1208305627L, -648357699L, -2052599254L, -318439736L, 
2087562225L, 966884707L, 1624208740L, -221038446L, -1474523801L, 
-732817615L, 132287606L, -1952074348L, 585834917L, -2032354641L, 
-789820568L, -1204471994L, 1706389235L, -6909867L, 1968000050L, 
-1180161536L, -561755415L, -1229901477L, 1437244332L, -797632582L, 
-205905553L, 1114696441L, -804920434L, -1384706468L, 1837219021L, 
1341129783L, -381333824L, -1900004962L, -1333665173L, 2001103341L, 
-1433446310L, -507402472L, -302306175L, 1528379955L, 684836948L, 
-577139614L, 1610277623L, -441496255L, 1953414086L, -1981396732L, 
-452138827L, -1237543009L, 1071069176L, -891770410L, 528756835L, 
-1263786971L, -351259710L, -1004943184L, 1369138393L, 1163600459L, 
999153852L, -1043704086L, -1562163425L, -947521623L, -2125381314L, 
463136812L, 529036925L, 55154887L, 2107266480L, -1218908210L, 
-74976005L, -1624153251L, -1415010166L, -765233496L, 2099911185L, 
-434181373L, -1776632316L, -648909262L, -1293119865L, 260522705L, 
-1061579690L, -546546636L, 819887941L, -1051540081L, -594950904L, 
-579053786L, -798705709L, 719190325L, -1006178158L, -2139918240L, 
-1783732791L, -1446167301L, 204632780L, -1995597990L, -384359857L, 
1450493721L, 56176942L, -705637572L, -2118977363L, 1725406039L, 
1273171616L, -795342850L, -678785333L, 1634296013L, -259480582L, 
-1968320456L, -976377375L, 158306963L, -500418380L, -266491454L, 
811962839L, 862158369L, -453118490L, 893734116L, -839912427L, 
449487935L, 974138328L, -1340129802L, -1424310781L, 662026565L, 
1703533922L, 1648377552L, -360228359L, 229321003L, -1784098148L, 
-1293109046L, -237358657L, -304589559L, -1875585506L, -1959031860L, 
-481932899L, -50641881L, -1487746480L, -2046331154L, 189206427L, 
