.Random.seed <-
c(403L, 30L, 164605588L, 1378379322L, -352130939L, -2062492321L, 
-632523290L, 1641720944L, 2027007891L, -2116728783L, 505054944L, 
-1183977602L, -1335024119L, -324399557L, -682184694L, -1444343828L, 
-1952095121L, -1506247771L, 719199068L, -1512323278L, 997987885L, 
1365253351L, -2119242226L, -568945688L, -685306389L, 1647138441L, 
-842216L, -2083328698L, 782191521L, 1084433971L, 300841890L, 
-331665772L, -720081641L, -1301333235L, -206976476L, -1085689334L, 
240233333L, -297832753L, 594469334L, -1492103808L, -1856191037L, 
1406477153L, -1883285040L, -362319570L, 1819695321L, 594924267L, 
766787418L, -1387992804L, 686170143L, 1683033205L, 527587596L, 
-1491913502L, -1838637635L, 1199147575L, 547846366L, 1824863256L, 
-1017017477L, -641918183L, -1231173720L, 1185548118L, 2004377553L, 
-737395837L, 1847623186L, 2133367204L, 511966567L, -1851505987L, 
880067124L, -497845862L, 1594844645L, -1656315521L, -1752168186L, 
351179408L, -200461517L, 1471785169L, -2026386816L, -1136993442L, 
431171753L, -1554437285L, -741754518L, 2110008332L, -1650979761L, 
338271493L, 1620319676L, -1204946798L, -1096574067L, 1082956743L, 
519356590L, 863441160L, 571870987L, -568821271L, 898711224L, 
-1666111130L, 1207495169L, 1810916499L, -407273662L, -1692667660L, 
-598823689L, -2140429075L, -1624041596L, -661902934L, -2070507755L, 
1373982127L, 1712362934L, 1002261472L, 205505315L, -1133419455L, 
1962555184L, 1864021326L, -470960199L, 1434055115L, 628667002L, 
-1363986564L, 545470399L, -580632427L, 1460850348L, -1255883646L, 
928205917L, -1941056681L, -1953944002L, 1490444920L, -95055525L, 
-108183367L, 1343951112L, 2063737782L, -1848336143L, -1966090461L, 
-1154518670L, -1288977468L, -1179209849L, 1105450333L, -433861804L, 
-595791494L, -1704788795L, -1344922081L, -950339162L, 1009335088L, 
2111543763L, 305061873L, 151890208L, 512645054L, 933099465L, 
-1103620229L, -1408938678L, -1280267860L, 1929839791L, 1188560485L, 
1555473948L, 906852466L, 35061485L, 1930404647L, -1415938226L, 
-729073752L, -365378645L, -456261431L, 2138360024L, 1520432518L, 
-669029279L, 2044042739L, 922246242L, 69311188L, 80604119L, -854318643L, 
-303286940L, -1933393590L, 1160439989L, 4489231L, -2115782378L, 
798467008L, 1018818435L, -1027351135L, -162233968L, 1980910190L, 
-499061735L, -725520213L, 213226650L, -1936874404L, 1526997343L, 
507691829L, -1958689076L, -246787038L, 1848682109L, -51905673L, 
-714623842L, -1162513576L, -283691333L, 616192089L, -2022159384L, 
-2103357930L, 636637585L, -2124119485L, 1244201298L, -1878207004L, 
1231125543L, 165333117L, 1611470196L, 826825050L, -1507700827L, 
-1974636609L, 2116838470L, 93602512L, 1976700147L, 1669868049L, 
587033664L, -84525026L, -1151541527L, -1138500581L, -567315414L, 
-2113222836L, -661226225L, -1981128635L, 1139411452L, 213436498L, 
-2079034931L, -1938173049L, -1911687570L, 941962824L, -599453621L, 
-322012759L, -740117256L, -1714700250L, -651898559L, 1580920531L, 
1263195778L, 184409268L, -601414601L, 79447853L, -582663100L, 
1616177514L, 1513096661L, -591690032L, 1040841788L, 1472920724L, 
-1386207102L, 1468719040L, 1522100540L, -991115632L, -472293342L, 
-1899350008L, -1851892596L, 1985606684L, -612111726L, 1066381440L, 
-757267436L, 1273821480L, -803030470L, -1019759408L, -1746201492L, 
-1656246604L, 720349202L, 1805584352L, -1716263988L, 2021596640L, 
364724770L, 48475432L, -1649392372L, -935231940L, 1215082738L, 
-1488826640L, -349204668L, 1435631192L, -167024070L, 1191882480L, 
-551464772L, -43003372L, -1310468926L, -1993935776L, -544989828L, 
797561040L, 1080067106L, 2140126888L, -1671543924L, -1283510852L, 
1329962034L, -785012928L, -1008089932L, -397834424L, 2061060794L, 
-1544364272L, -2004058900L, 170083412L, 1609568018L, -559368288L, 
249091020L, 619008864L, -1187298110L, 1371969064L, 173462956L, 
-1101706436L, -1348356238L, -801384656L, 1672721956L, -22690760L, 
-1587257126L, -2088913520L, -1805976836L, -2101890156L, -2141112510L, 
1057611264L, 1868637756L, 1609165392L, 1708267170L, 156836680L, 
-1263939060L, -567133988L, -1320027566L, 2121584768L, 1998064468L, 
1127368168L, 1233977082L, -31937712L, -2028934100L, 891185524L, 
824506002L, -1187140000L, 81798796L, -764176544L, -29934878L, 
-1009602392L, -1393525556L, -1784323588L, 1234436018L, 1299524080L, 
-2116655676L, 958790488L, -1772474502L, 1398920624L, -56404548L, 
49759316L, 800638914L, -1002158304L, 670874556L, -1083615664L, 
-427095582L, -766732952L, 1807191372L, 946533628L, 1162255090L, 
-637287680L, -1012937100L, -1757719544L, -1394976326L, -1683295280L, 
-703429140L, -2103480428L, -1414152494L, 1602611808L, 36388172L, 
984858912L, -2359678L, -1337330200L, 752751596L, 855464508L, 
-843966862L, 1106389872L, -918810332L, 756490808L, 1206344090L, 
649768400L, -1535492676L, 1106527380L, -933459838L, 342875584L, 
348012348L, -1795297136L, 1107520290L, -1415669240L, 2076043532L, 
-951715428L, -363329006L, 986914688L, -625276140L, -230485720L, 
2043254842L, -1185424432L, 96194156L, -38596044L, 1368008338L, 
16354656L, -2118686388L, 37610464L, -335097438L, -358524504L, 
1944491660L, 1112673724L, 38953586L, -1131230224L, 751071812L, 
-2000695208L, -1164901318L, 1785164912L, -663112644L, -2002234092L, 
1123957442L, 2101081824L, 200100988L, -1041507632L, -133019230L, 
2097585192L, 213964556L, 1363172796L, -2059954382L, -1045553472L, 
-1956020172L, -1979777336L, 1313900730L, 172208784L, -274669844L, 
-1030518188L, -222540142L, 301813024L, -1611315764L, 1004191456L, 
669721794L, 1449090088L, -1570397268L, -1752944964L, -1804937230L, 
-6018512L, -609287260L, -1439031880L, 237346650L, -1895210864L, 
1110519676L, 1715696916L, -1246455486L, -996772608L, 1280176572L, 
-939027120L, 1245323554L, -1029549496L, -691825652L, 1420153436L, 
-1096018478L, 1661668864L, -1960265388L, 1317076200L, -1659918086L, 
-1257190704L, 1682276140L, 1911002356L, -1828770414L, 470860128L, 
1204932620L, 1214019808L, -613235102L, 2101862568L, -694087604L, 
1436821372L, 1856384306L, -1256313232L, 1983924036L, 1704893400L, 
2114152314L, 608543792L, 1127753660L, -1337931180L, -1980772867L, 
-2139148054L, 1599452040L, 970612017L, 101828003L, -799018588L, 
-219831214L, 1486372775L, -1417872399L, 936476470L, 1416322004L, 
666939749L, 1550544239L, 816607144L, 670090502L, 888310835L, 
-819664235L, 192109298L, -1929264320L, -100112215L, 642358555L, 
1426623212L, 627578618L, -1901344977L, 844949305L, 1320868174L, 
-2065807460L, -93698803L, -564998281L, 2020977536L, 1548779998L, 
1307653803L, 2044664237L, 1694068250L, -1143467816L, 1346125121L, 
-2072103437L, 905368596L, 91265442L, -2103136585L, 2138597505L, 
1999200390L, -838888252L, -642076171L, -1469174689L, 1167888056L, 
-264527978L, -726739549L, -167900827L, 1948541058L, 2097383920L, 
-610091111L, -842810997L, -1655839620L, 596692650L, 802121951L, 
1875345001L, -1144181634L, -1075714964L, 1330541757L, -2113622649L, 
-1434678928L, -553235442L, 1048052027L, -34107875L, 1477874378L, 
-1564951064L, 1731158737L, 582934211L, -1590618684L, 743989874L, 
-1913709753L, 377889553L, 1968287382L, -515202060L, 1724124549L, 
165740751L, -1060476472L, 924387430L, -676389229L, -1083716107L, 
267964370L, 1047424032L, -161362423L, -2055489733L, -1322354036L, 
-1337909478L, 1558245775L, -2061357351L, 282284398L, -842228484L, 
-1155279251L, 1995252247L, 1704826848L, 85660606L, 373862795L, 
253493773L, 702332474L, 1684436600L, -2058543583L, -1379561261L, 
-1844424716L, -1313388414L, 834855191L, -1045112863L, -385351386L, 
1156358180L, -2097757483L, -1126404481L, 1895505688L, -1941402058L, 
1305084099L, -1025639163L, 838239394L, -1732281712L, 326829625L, 
2109101803L, -1682995236L, 1816791562L, 106011903L, -1335977655L, 
-1708029218L, 836139148L, 138874973L, 1368661607L, 395644816L, 
1839760302L, -1462703525L, 403005L, 427202730L, 1675520328L, 
2091048305L, 703240931L, -2100350492L, -975766254L, -408899353L, 
-548337999L, -1822704394L, -1001382124L, 1217804325L, 1331051823L, 
1119687400L, -1305169978L, -750595469L, -1750592299L, -204310862L, 
