phyloclim/inst/extdata/alt.asc
NCOLS 396 
NROWS 264 
XLLCORNER -73.5000000000025 
YLLCORNER -56.0000000000011 
CELLSIZE 0.041666666666667 
NODATA_value -9999 
[rows 72 to 107 of 264, columns 0 to 79 of 396]
689 555 878 840 768 576 267 971 251 285 438 327 561 328 1139 997 888 1190 1494 1217 899 670 1070 829 756 1341 1405 981 870 1325 1126 1346 1547 1375 1242 1111 990 902 862 853 808 836 841 980 992 998 975 941 874 855 863 871 883 936 975 912 930 861 782 678 646 650 671 815 861 852 823 720 424 285 274 288 371 367 376 471 661 760 763 693
775 899 853 525 515 425 336 901 422 667 1017 575 491 301 825 1001 622 986 1374 757 581 854 1020 897 632 1285 1383 1150 940 1223 1413 1136 1240 1220 1115 1124 1271 1095 980 919 829 832 826 876 953 930 863 804 774 728 710 721 964 1059 969 786 639 607 623 629 634 638 640 642 690 777 798 784 620 427 395 375 388 377 392 560 710 609 624 620
32 610 941 863 778 424 149 932 452 322 1046 1096 721 197 459 725 595 815 550 625 1097 1402 994 647 641 949 1139 1482 1280 1003 1340 1398 1560 1300 1382 1067 1004 1076 1050 986 930 838 803 774 783 782 763 756 740 734 720 726 887 881 689 627 603 606 607 611 617 621 636 676 747 700 671 569 507 474 402 378 390 414 431 449 503 451 482 539
-7 32 126 236 572 190 193 723 404 71 483 915 776 522 1005 542 405 402 735 1038 1060 1147 1131 1029 716 603 819 1052 1433 1222 1137 1272 1651 1416 1186 1063 1071 996 915 854 784 806 843 896 790 757 758 736 712 690 675 684 677 662 648 634 615 608 595 590 589 592 613 666 637 667 626 376 309 529 601 501 488 572 571 533 491 475 483 504
13 250 93 22 20 396 933 751 237 569 314 926 1008 741 847 1121 1086 669 603 1007 1169 1124 1149 1410 1442 1186 883 570 614 777 851 1124 1613 1710 1275 1127 1062 959 923 914 761 809 953 1016 904 820 797 774 747 717 700 666 644 641 638 632 622 735 749 754 793 795 783 724 702 717 759 681 553 556 486 608 688 698 728 748 756 722 661 566
22 291 780 335 5 139 315 222 410 767 421 759 1100 924 1075 1088 930 1199 872 466 776 992 719 1243 1079 1221 1203 741 510 485 614 802 1228 1607 1324 1238 1137 1013 1021 1044 779 812 974 876 821 796 770 746 728 700 683 684 655 626 609 686 671 689 812 802 796 789 783 761 761 758 726 729 727 699 715 702 686 704 764 767 766 736 553 487
122 80 754 393 42 513 692 283 321 959 675 385 772 1001 1183 1122 616 1108 1271 511 453 606 509 563 533 549 907 594 622 636 508 626 969 1646 1326 1309 1246 1119 1060 861 742 794 802 739 715 679 652 647 661 664 673 666 648 630 609 593 582 611 675 729 784 696 582 524 521 568 479 481 531 630 694 660 718 756 777 783 773 613 468 496
246 412 650 560 290 138 249 510 467 991 595 274 404 936 1064 557 703 1036 1278 1036 471 474 519 505 464 589 1045 857 689 561 555 538 720 1486 1168 928 960 895 764 694 724 715 710 715 670 727 869 1018 1040 1008 966 925 907 839 749 698 647 610 594 558 551 536 533 607 682 717 649 599 589 616 628 664 720 782 792 804 797 797 771 675
447 770 636 422 170 437 663 1040 578 413 509 562 438 677 743 405 1049 1339 1153 705 387 511 517 459 522 965 927 1169 1383 972 535 573 553 744 732 638 636 638 668 689 723 713 702 701 793 1065 1190 1193 1132 1080 1013 959 967 929 882 851 817 817 802 755 645 538 532 510 528 529 496 493 490 483 476 498 548 679 801 839 845 766 661 614
634 1028 1214 1067 650 502 1126 797 828 1251 869 672 391 434 447 485 920 1030 1424 1112 376 454 337 377 927 1089 1378 1135 1039 864 668 560 568 671 787 692 695 698 712 742 762 768 850 904 1019 1096 1049 1110 1105 1073 1020 958 877 823 800 790 788 786 802 786 715 573 588 515 510 487 478 469 463 464 464 464 466 471 673 804 823 850 838 835
966 1506 1589 1344 1201 889 935 939 1252 1111 857 423 743 597 452 394 392 766 1210 1207 716 276 310 686 1095 1285 1488 1482 1324 1239 988 717 609 682 938 913 989 897 770 781 904 962 1056 1169 1227 1155 1070 1064 1089 1054 1005 949 865 756 722 722 723 768 801 788 774 770 771 742 750 665 632 588 522 548 512 436 434 454 477 659 796 820 826 839
1442 1680 1699 1859 1962 1379 1274 1362 1844 1656 959 601 994 972 701 986 322 368 877 507 490 326 336 829 916 1157 1768 1652 1493 1158 911 1105 868 661 715 729 772 813 809 1099 1308 1124 1246 1311 1316 1233 1168 1158 1106 1053 1011 972 943 915 840 792 768 813 819 802 788 777 775 767 761 754 718 647 600 618 582 431 421 433 460 548 744 804 826 816
1542 1609 1643 1882 1907 1848 2298 2310 2132 1477 1076 1204 1009 1019 881 1039 385 392 681 725 995 517 276 1098 1337 1513 1435 1642 1430 1412 1467 1279 1005 789 907 966 844 881 1006 1341 1384 1316 1473 1460 1261 1156 1218 1175 1101 1050 1003 974 953 931 909 888 864 847 828 802 788 783 784 777 766 712 558 493 447 433 441 411 419 465 634 764 792 791 785 793
1533 1566 1647 1760 1707 1795 1780 1923 2151 1584 1044 1156 1308 713 1221 1099 287 281 1033 1024 1108 725 255 613 1012 907 1453 1567 1501 1515 1285 1246 1210 1010 893 1053 1112 1329 1359 1499 1442 1416 1538 1531 1477 1340 1278 1224 1159 1084 1023 994 972 947 924 900 876 857 837 815 794 788 784 779 769 543 415 424 426 416 403 405 472 627 782 799 800 790 769 731
1528 1545 1584 1625 1630 1324 997 1749 1431 1078 1474 924 734 859 1536 1038 518 254 1099 1270 773 901 311 633 1100 1256 1305 1648 1417 1410 1727 1432 1150 1153 1180 1283 1377 1515 1493 1415 1485 1549 1570 1529 1485 1399 1324 1323 1259 1157 1050 1019 979 940 936 915 888 867 843 822 805 798 786 780 776 762 506 421 395 421 518 499 643 784 789 788 790 775 662 600
1504 1533 1601 1678 1789 1382 756 799 656 528 1346 1061 501 1382 1603 1160 445 254 867 1275 957 748 609 581 1005 1189 1215 1405 1636 1416 1231 1154 1221 1426 1373 1453 1478 1442 1454 1370 1392 1433 1479 1504 1558 1479 1352 1480 1391 1151 1101 1052 977 948 907 904 887 876 851 816 785 776 780 776 759 671 512 417 385 510 568 704 687 612 603 760 749 693 614 557
1502 1557 1788 1903 2075 1442 770 1049 779 354 421 501 447 962 1402 1210 370 261 1136 1399 1520 1011 534 481 1034 927 1270 1264 1614 1486 1410 1259 1398 1513 1579 1516 1464 1374 1317 1301 1224 1255 1306 1470 1390 1269 1215 1426 1377 1158 1093 1031 971 955 895 890 866 848 829 804 792 774 770 771 688 570 481 425 366 430 446 556 445 429 424 408 445 519 509 514
1615 1943 1847 1659 1641 2006 1328 509 1127 1589 1133 771 385 347 612 801 335 301 912 1493 1206 1434 540 393 1263 1324 1093 1005 1615 1535 1342 1470 1624 1486 1617 1629 1492 1452 1349 1221 1112 1070 1250 1250 1202 1093 1025 1179 1159 919 769 826 846 861 870 808 879 837 804 792 775 793 787 728 741 690 442 391 418 358 363 355 374 362 348 322 335 410 438 450
1596 1840 1656 1420 1386 1470 1754 1810 1377 1618 1179 1010 771 322 317 309 251 302 795 1485 1540 1358 593 262 334 740 1460 1342 1048 1499 1437 1496 1328 1397 1508 1500 1538 1415 1314 1267 1147 1024 945 980 1107 1074 872 995 978 765 613 529 554 533 586 649 786 842 834 813 828 837 809 757 644 444 348 367 402 397 366 344 333 334 334 354 345 295 285 330
1456 1460 1429 1298 1298 1490 1812 1965 1929 1475 949 663 496 310 276 264 289 268 366 829 1299 779 342 463 346 345 1307 1247 998 1485 1082 1008 1167 1576 1716 1411 1363 1264 1229 1180 1199 1155 898 845 920 883 694 776 842 630 429 420 474 467 389 307 393 569 674 777 665 663 652 548 466 399 367 371 389 399 404 413 500 597 568 434 417 326 276 272
1371 1305 1242 1206 1171 1176 1110 1257 1577 954 444 248 276 252 398 912 1086 492 259 255 259 268 353 488 625 289 857 826 1267 1060 763 1058 1390 1734 1558 1347 1282 1206 1157 1142 1109 1099 1000 804 696 705 572 645 947 735 469 294 338 368 324 289 287 291 315 449 456 444 428 404 396 392 396 408 436 549 626 671 752 750 708 666 380 282 272 263
1368 1343 1314 1173 1117 1006 864 682 699 432 266 650 406 506 1132 1279 1052 697 668 330 306 270 257 272 393 460 315 373 439 477 688 1061 1499 1638 1375 1239 1202 1174 1151 1127 1088 1070 988 898 699 665 586 615 853 634 424 292 288 287 286 286 286 287 303 381 425 434 434 436 439 458 493 525 681 781 800 798 762 745 696 507 306 266 264 253
1453 1456 1374 1244 1230 1307 1313 1013 412 862 1152 820 340 1130 1527 1281 830 1204 767 824 982 469 279 257 254 258 255 269 289 297 586 1077 1474 1534 1484 1377 1197 1125 1108 1098 1086 1069 915 771 714 623 470 478 536 504 342 290 287 287 286 286 286 288 325 435 494 491 502 541 609 683 728 717 758 752 748 769 753 704 574 343 251 252 248 247
1988 1518 1353 1323 1345 1806 1786 1112 707 939 958 428 779 1051 908 809 1088 1257 695 1038 1453 1086 435 263 393 295 254 288 1008 555 480 910 1228 1380 1386 1259 1128 1162 1140 1136 1112 1091 1074 1057 984 844 625 586 524 456 478 455 400 290 286 286 287 309 373 463 477 501 654 762 775 762 746 734 724 692 731 744 721 527 332 265 253 247 240 384
2552 1756 1510 1458 1516 1812 1531 1428 1247 947 630 993 1410 1241 1190 649 1208 1260 1290 784 1166 897 349 549 1054 395 254 587 937 542 324 688 1143 1297 1284 1144 1040 1051 1110 1122 1146 1135 1081 1086 1042 973 780 661 569 502 502 553 554 411 290 297 315 403 459 505 596 694 838 806 755 685 618 557 517 491 523 602 522 381 307 255 248 235 228 328
2608 1918 1622 1570 1653 2042 1588 1251 1101 969 1191 1623 1205 1245 846 1011 1183 1163 1141 954 1341 860 351 668 845 297 290 573 382 377 349 431 703 891 1098 1208 1174 946 874 953 1154 1177 1108 1114 1082 1028 937 911 770 620 591 557 505 466 516 529 478 514 530 530 532 684 749 811 777 755 685 616 509 452 397 389 380 354 304 255 285 244 236 215
2135 1896 1660 1631 1642 1694 1525 1249 1217 1745 1752 1340 983 749 798 1548 1488 1450 1318 1178 1439 960 953 419 395 254 278 255 264 289 306 331 338 432 590 886 1061 869 719 855 1113 1165 1148 1148 1112 1058 1005 973 832 717 785 811 744 627 560 518 510 461 317 351 398 464 552 596 580 567 513 411 391 338 336 335 320 305 309 281 238 217 225 220
1633 1905 1763 1645 1576 1549 1579 1346 1368 1963 2215 1484 1140 568 1372 1314 1572 1594 1398 1374 1192 1344 1191 743 298 255 253 253 253 254 253 295 309 309 347 382 496 533 569 773 1000 1089 1081 999 980 974 1005 1013 947 903 852 726 630 571 530 465 354 306 277 291 322 364 374 487 495 455 432 326 282 261 279 284 278 278 264 237 208 208 217 217
1453 1823 1908 1636 1566 1524 1475 1437 1536 1361 1463 1310 1021 597 1282 974 1126 1412 1345 1524 1352 1548 1156 907 546 386 345 334 341 335 323 310 283 287 285 291 328 379 515 705 873 936 927 915 890 855 885 995 989 911 772 641 574 439 322 293 268 268 274 280 312 370 361 416 408 376 367 341 263 225 235 245 244 244 242 227 221 246 239 223
1744 1797 1775 1675 1601 1475 1425 1422 1589 1207 1105 1009 709 505 563 958 1324 1177 1108 1440 1570 1538 1557 1196 963 780 635 745 751 689 596 533 484 391 290 272 274 303 318 403 597 839 869 830 800 780 786 873 1000 902 709 604 594 490 419 378 339 325 342 320 314 364 339 366 357 338 326 318 310 300 287 290 279 274 279 272 263 262 257 255
2358 2231 2262 2236 1752 1419 1378 1367 1529 1652 1542 1695 1015 871 588 800 1298 1500 1567 1314 1375 1435 1613 1262 1071 954 1068 1224 1161 1200 1161 1012 1003 966 608 343 288 289 289 287 370 616 792 773 763 744 745 761 781 793 676 542 424 417 410 401 394 383 377 370 361 354 352 347 339 333 331 323 316 311 304 298 292 286 281 275 271 267 263 258
2311 2801 2832 2304 1592 1380 1308 1308 1375 2024 1282 1079 1045 749 499 543 921 1163 1657 1299 1469 1504 1615 1383 1406 1484 1498 1524 1604 1462 1326 1233 1169 1067 813 611 406 352 358 293 296 388 612 686 650 695 699 636 602 587 501 442 444 456 449 483 537 481 415 387 423 383 373 338 346 360 353 344 336 329 321 313 307 300 295 288 281 274 267 260
2238 2686 1935 1645 1319 1250 1226 1238 1512 1846 1450 1266 1052 914 640 416 619 1088 1125 934 1171 1606 1607 1474 1369 1514 1551 1724 1555 1436 1300 1175 1026 893 801 715 524 524 596 536 366 325 400 595 616 626 566 482 514 521 512 512 502 494 531 519 379 288 261 262 256 244 239 264 288 347 356 347 339 332 325 317 310 303 295 288 281 274 267 261
2253 2434 1619 1405 1282 1128 1138 1106 1075 1286 1259 1133 796 811 701 285 327 329 365 506 879 991 1022 1510 1487 1290 1369 1521 1411 1250 1075 968 918 837 687 660 606 658 739 634 446 318 284 375 553 554 542 517 573 613 641 545 400 358 299 300 274 270 267 262 257 253 252 296 354 357 352 346 335 332 324 317 309 302 297 292 282 275 268 262
2405 1815 1285 1234 1145 1070 1026 965 878 958 1397 1799 1047 735 481 253 257 264 278 306 340 384 570 1250 1643 1553 1331 1186 1362 1156 994 939 900 824 736 820 930 997 920 754 523 383 325 282 351 470 470 528 744 816 657 495 393 295 288 283 279 276 273 268 263 258 254 250 272 267 270 285 279 285 283 276 273 265 254 230 208 201 196 191
2105 1616 1318 1208 1153 1107 1014 882 824 740 681 1008 358 290 280 250 251 253 254 265 294 311 328 510 1088 1110 1155 1123 910 982 1136 1090 891 778 891 867 802 770 747 660 613 507 441 411 326 284 387 411 550 527 464 351 319 301 296 291 285 281 276 271 266 261 257 252 226 212 211 209 228 225 222 217 213 209 203 198 188 172 167 163
