phyloclim/inst/extdata/alt.asc
NCOLS 396 
NROWS 264 
XLLCORNER -73.5000000000025 
YLLCORNER -56.0000000000011 
CELLSIZE 0.041666666666667 
NODATA_value -9999 
[rows 180 to 215 of 264, columns 0 to 79 of 396]
276 384 504 464 419 250 176 152 12 136 315 139 82 39 459 215 455 634 579 444 261 112 339 587 581 295 16 15 215 422 305 34 22 41 68 69 57 73 93 112 131 169 180 176 167 176 148 145 125 118 116 122 141 147 123 134 217 282 330 329 289 268 245 219 195 168 136 102 77 71 57 50 51 61 111 242 286 305 321 283
521 459 178 331 618 731 475 424 61 53 274 423 269 169 113 60 199 688 341 44 19 270 440 60 334 351 169 39 3 4 -9999 -9999 3 3 -9999 13 11 -9999 -9999 32 34 37 59 50 51 48 34 40 67 91 112 149 157 140 142 194 243 263 271 266 223 184 162 133 103 83 74 67 59 54 50 45 45 44 97 208 192 126 59 36
331 210 206 138 303 450 541 406 160 237 176 143 139 124 221 6 17 3 -9999 5 14 33 25 254 717 490 874 -9999 4 22 -9999 -9999 -9999 -9999 -9999 -9999 -9999 -9999 -9999 -9999 -9999 -9999 -9999 -9999 -9999 -9999 -9999 6 37 100 151 202 196 187 196 205 190 156 152 138 119 103 93 86 73 60 47 45 37 32 30 28 25 26 29 25 19 13 10 6
271 149 343 60 206 628 192 6 20 380 660 463 417 269 91 377 192 60 75 15 85 85 -9999 148 207 99 -9999 2 -9999 -9999 2 2 8 3 4 4 11 -9999 -9999 -9999 -9999 -9999 -9999 -9999 -9999 3 6 10 27 109 195 262 256 232 185 143 122 111 99 94 73 70 63 46 46 45 38 27 19 19 16 19 13 15 13 11 24 8 14 24
67 11 25 44 106 269 52 94 286 512 551 686 392 202 293 352 599 430 445 345 -9999 -9999 -9999 -9999 -9999 -9999 -9999 2 -9999 2 2 91 306 267 160 29 69 60 40 27 9 8 8 14 18 33 75 87 78 35 85 250 231 152 84 55 62 57 43 39 34 32 18 28 33 30 27 17 24 15 6 6 12 12 9 -9999 -9999 -9999 -9999 -9999
4 9 70 55 13 42 362 397 384 337 695 285 111 323 563 496 276 501 17 184 5 2 12 2 28 272 225 -9999 2 38 269 606 578 559 417 163 185 194 204 195 170 148 136 150 160 155 113 76 51 33 25 85 53 27 39 18 31 28 24 26 19 9 12 12 11 10 7 18 20 1 10 17 10 -9999 3 3 17 20 14 8
27 36 6 5 33 61 271 514 649 682 977 547 199 305 469 264 125 3 215 391 387 190 2 12 117 483 2 45 200 223 287 479 414 587 410 407 269 330 374 414 419 385 395 366 338 188 86 54 50 47 11 47 40 26 34 27 18 27 21 15 2 10 19 14 10 7 23 -9999 -9999 -9999 -9999 -9999 -9999 10 24 29 35 41 29 14
157 67 136 45 65 187 163 650 1050 1320 1424 683 435 62 117 220 116 281 346 634 361 170 72 9 7 25 277 439 694 530 309 343 311 228 285 310 238 253 308 427 534 561 565 471 334 125 76 51 59 45 22 35 42 3 10 16 14 15 35 24 20 24 31 23 8 14 -9999 1 1 -9999 -9999 -9999 -9999 -9999 -9999 -9999 1 7 25 26
110 275 215 308 308 361 540 794 1158 1241 846 328 155 420 398 499 610 471 544 100 176 253 225 458 352 54 546 649 521 491 696 578 327 179 213 193 185 228 306 348 389 427 420 274 146 95 70 49 4 4 -9999 -9999 -9999 -9999 -9999 -9999 4 13 34 46 55 48 34 15 5 2 3 15 18 -9999 -9999 -9999 -9999 -9999 -9999 -9999 -9999 6 17 37
174 220 185 146 403 412 497 173 254 652 943 589 394 229 606 1103 647 673 130 135 282 428 472 373 427 94 223 327 398 451 404 287 216 253 552 438 239 197 324 386 297 276 165 98 78 30 28 -9999 -9999 -9999 -9999 -9999 -9999 -9999 -9999 -9999 2 15 40 41 38 29 20 14 1 8 23 24 -9999 2 2 -9999 -9999 -9999 -9999 -9999 3 13 9 12
85 207 294 40 15 113 163 350 408 339 543 801 219 261 408 376 211 259 163 411 636 998 1069 505 338 267 511 486 605 438 381 482 613 638 585 501 233 154 145 208 170 100 83 76 -9999 -9999 -9999 -9999 -9999 -9999 -9999 -9999 -9999 -9999 1 0 15 46 65 64 52 38 27 11 20 -9999 -9999 -9999 -9999 1 13 -9999 -9999 -9999 2 3 -9999 -9999 -9999 -9999
5 72 60 98 340 216 301 402 334 250 634 656 324 76 586 668 232 244 652 612 949 955 732 438 344 258 590 530 507 696 742 581 461 521 479 333 241 155 84 93 72 -9999 -9999 -9999 -9999 -9999 -9999 -9999 -9999 -9999 -9999 -9999 -9999 2 7 35 54 66 76 80 77 69 57 39 13 -9999 -9999 -9999 -9999 -9999 -9999 -9999 -9999 3 4 8 -9999 -9999 -9999 -9999
6 36 176 271 198 441 317 184 110 451 364 525 260 91 477 420 368 311 665 895 609 343 305 565 369 197 169 211 487 554 663 636 528 544 452 288 186 94 4 -9999 -9999 -9999 -9999 -9999 -9999 -9999 -9999 -9999 -9999 -9999 -9999 -9999 -9999 5 24 47 65 76 94 114 118 86 61 37 22 -9999 -9999 -9999 -9999 -9999 -9999 -9999 -9999 7 16 14 7 -9999 2 11
-9999 -9999 38 139 370 605 375 51 227 486 360 275 268 3 54 364 600 771 658 495 447 254 454 385 286 232 58 113 67 70 497 580 457 371 300 174 126 35 -9999 8 -9999 -9999 -9999 -9999 -9999 -9999 -9999 -9999 -9999 -9999 -9999 2 8 30 68 92 126 181 205 218 241 159 84 46 -9999 -9999 -9999 -9999 -9999 -9999 -9999 -9999 -9999 15 35 15 8 6 14 36
-9999 -9999 -9999 5 5 38 233 247 105 243 4 4 12 62 380 385 427 423 366 428 345 384 517 480 323 370 346 170 7 21 6 211 320 231 125 86 71 -9999 -9999 31 -9999 -9999 -9999 -9999 -9999 -9999 -9999 -9999 -9999 -9999 2 8 56 197 283 247 389 495 432 363 317 148 47 -9999 -9999 -9999 -9999 -9999 -9999 -9999 -9999 -9999 -9999 20 39 21 12 20 34 70
116 38 -9999 -9999 28 42 24 -9999 -9999 -9999 -9999 4 4 -9999 173 154 116 23 44 189 205 355 562 495 362 286 214 51 38 29 4 -9999 95 78 35 -9999 -9999 -9999 -9999 2 -9999 -9999 -9999 -9999 -9999 3 3 25 55 57 81 145 178 177 393 472 501 532 482 349 216 72 21 6 -9999 -9999 -9999 -9999 -9999 -9999 -9999 -9999 -9999 10 24 18 22 25 47 90
253 232 124 7 40 82 121 90 43 84 186 124 59 175 50 5 72 152 138 264 313 213 173 118 228 288 169 38 90 168 92 -9999 -9999 -9999 -9999 -9999 -9999 -9999 -9999 -9999 -9999 -9999 2 50 4 36 171 113 326 300 236 238 241 226 246 404 459 469 430 239 113 53 -9999 -9999 -9999 -9999 -9999 -9999 -9999 -9999 -9999 -9999 2 21 25 15 16 36 70 125
176 178 306 85 -9999 6 63 219 256 375 548 551 476 312 198 177 272 229 307 296 370 514 259 163 55 22 251 186 3 4 -9999 -9999 3 -9999 2 89 213 183 77 102 -9999 -9999 75 365 314 138 298 284 226 420 461 424 365 319 284 357 419 437 330 183 82 26 -9999 -9999 -9999 -9999 -9999 -9999 -9999 -9999 -9999 -9999 2 23 17 10 15 41 84 142
255 267 285 123 135 73 6 65 255 233 193 512 527 449 516 486 499 294 160 340 361 358 176 348 290 175 3 107 301 198 261 84 238 8 2 159 436 371 208 385 25 39 210 568 427 240 413 525 404 297 359 489 466 431 436 452 429 327 324 176 83 18 -9999 -9999 -9999 -9999 -9999 -9999 -9999 -9999 -9999 -9999 3 23 18 34 45 76 141 218
119 319 221 234 383 188 177 56 -9999 -9999 7 119 245 445 797 693 518 348 145 221 297 516 442 88 215 39 290 256 535 406 271 520 323 37 -9999 113 422 599 308 504 79 30 313 579 614 401 306 379 525 441 498 444 583 591 494 402 354 325 229 104 74 32 -9999 -9999 -9999 -9999 -9999 -9999 -9999 -9999 -9999 -9999 3 22 39 43 54 121 226 340
-9999 148 23 89 191 128 203 330 200 104 6 -9999 41 325 173 326 391 293 289 195 82 360 425 185 4 65 285 383 391 629 383 280 270 131 -9999 160 552 329 483 349 20 33 236 434 589 441 360 432 493 482 507 442 533 494 507 306 224 265 356 198 35 7 -9999 -9999 -9999 -9999 -9999 -9999 -9999 -9999 -9999 -9999 2 45 71 59 79 164 311 465
134 82 4 -9999 35 36 5 7 26 75 258 48 63 6 177 250 62 137 254 442 359 165 84 129 54 92 359 159 200 399 391 194 87 23 244 391 372 338 584 300 83 10 119 309 355 441 531 513 385 573 459 431 356 325 348 276 191 146 133 104 12 -9999 -9999 -9999 -9999 -9999 -9999 -9999 -9999 -9999 -9999 -9999 -9999 7 24 29 24 266 442 496
134 168 38 76 10 163 67 15 58 178 349 73 176 174 4 6 54 99 193 440 261 125 220 337 61 143 482 503 316 282 118 124 216 275 259 475 495 650 422 330 96 18 44 120 208 458 518 546 407 354 464 421 322 312 300 277 315 226 164 82 37 -9999 -9999 -9999 -9999 -9999 -9999 -9999 -9999 -9999 -9999 -9999 -9999 -9999 -9999 -9999 13 204 442 326
164 63 98 101 222 75 26 247 22 130 496 275 362 229 50 81 291 123 5 83 119 206 292 331 286 107 219 319 353 438 115 196 277 410 482 463 285 416 318 72 12 28 93 249 237 212 453 563 506 306 421 322 318 312 288 198 290 387 353 208 66 4 -9999 -9999 -9999 -9999 -9999 -9999 -9999 -9999 -9999 -9999 -9999 -9999 -9999 -9999 -9999 10 99 50
177 294 104 155 416 427 129 354 552 94 114 281 661 255 192 5 224 341 186 62 150 24 45 164 347 327 171 118 453 224 172 182 277 237 319 294 151 24 9 109 160 87 318 391 203 533 266 368 505 420 349 314 361 418 427 247 164 407 466 351 175 25 -9999 -9999 -9999 -9999 -9999 -9999 -9999 -9999 -9999 -9999 -9999 -9999 -9999 -9999 -9999 -9999 -9999 -9999
291 228 154 60 171 146 95 336 549 378 338 305 329 387 212 8 216 523 179 5 130 217 80 142 60 38 56 16 25 191 556 274 164 97 155 92 131 230 187 320 496 276 315 484 278 517 371 404 397 548 444 278 369 407 388 304 160 150 283 359 254 50 -9999 -9999 -9999 -9999 -9999 -9999 -9999 -9999 3 20 22 -9999 -9999 -9999 -9999 -9999 -9999 -9999
163 126 190 73 44 20 255 283 375 289 64 242 256 264 260 97 252 688 367 42 154 325 326 304 85 13 145 173 76 42 232 167 381 508 369 227 465 537 434 574 561 317 246 406 486 545 491 646 502 400 328 503 348 516 443 335 239 209 99 178 206 30 2 -9999 -9999 -9999 -9999 -9999 -9999 -9999 17 76 47 -9999 -9999 -9999 -9999 -9999 -9999 -9999
16 22 10 32 41 73 50 53 120 24 108 96 44 76 158 204 453 596 560 315 224 306 228 186 117 56 24 83 255 118 -9999 23 204 498 392 469 638 551 338 393 310 502 609 410 552 432 353 593 467 567 417 401 513 296 242 214 314 329 332 135 19 5 2 -9999 -9999 -9999 -9999 -9999 2 44 120 111 49 -9999 -9999 -9999 -9999 -9999 -9999 -9999
16 49 4 6 11 15 42 28 17 110 99 85 291 410 400 402 183 416 566 270 295 184 295 254 197 125 181 111 6 36 -9999 -9999 18 278 297 137 186 263 213 201 555 474 355 665 461 175 457 411 557 361 504 433 389 487 404 309 320 294 178 131 44 3 -9999 -9999 -9999 -9999 2 32 55 164 180 119 65 -9999 -9999 -9999 -9999 -9999 -9999 -9999
58 4 4 -9999 5 9 19 73 6 22 89 158 174 159 196 56 159 374 565 523 521 297 514 412 130 167 225 249 326 120 7 6 45 43 4 4 5 7 19 108 255 343 205 172 225 180 241 480 433 426 306 216 402 197 325 344 270 389 495 383 134 -9999 -9999 -9999 -9999 -9999 1 68 236 292 178 165 93 -9999 -9999 -9999 -9999 -9999 -9999 -9999
-9999 -9999 7 13 -9999 4 7 4 6 76 316 255 251 162 195 239 356 249 274 628 833 774 786 872 359 535 486 482 405 360 295 240 147 4 43 -9999 -9999 -9999 -9999 4 11 24 65 39 285 475 560 396 363 364 144 288 347 302 214 225 365 293 237 311 75 -9999 -9999 -9999 -9999 -9999 2 47 89 157 186 195 142 22 -9999 -9999 -9999 -9999 -9999 2
-9999 -9999 3 3 7 70 43 51 46 60 4 27 282 372 247 125 18 311 511 366 705 991 828 596 462 574 263 212 356 284 206 72 21 339 150 -9999 -9999 -9999 -9999 -9999 -9999 -9999 4 105 38 50 153 389 398 120 289 317 386 311 433 289 107 139 67 26 3 -9999 -9999 -9999 1 12 -9999 3 18 60 150 160 99 16 -9999 -9999 -9999 -9999 -9999 8
-9999 -9999 3 3 4 13 42 35 139 208 13 18 108 227 397 186 392 198 205 285 355 537 679 575 498 518 204 9 233 270 147 183 445 314 137 4 127 271 213 9 -9999 -9999 -9999 -9999 -9999 -9999 -9999 4 90 42 263 455 454 293 182 160 173 9 2 -9999 -9999 -9999 -9999 60 272 243 47 42 10 15 64 82 49 55 -9999 -9999 -9999 -9999 -9999 6
-9999 -9999 3 -9999 130 6 4 33 70 52 -9999 111 18 6 9 143 67 120 247 297 307 577 456 347 315 279 197 86 4 -9999 28 347 371 263 18 116 178 295 309 94 9 31 90 49 -9999 -9999 -9999 -9999 -9999 -9999 4 30 220 182 33 3 -9999 -9999 -9999 -9999 -9999 -9999 29 336 267 246 269 44 43 22 119 146 101 32 -9999 -9999 -9999 -9999 -9999 3
-9999 -9999 3 3 3 3 62 62 4 5 3 3 18 4 55 125 69 219 413 314 516 436 488 287 281 276 106 13 6 285 315 104 183 43 89 326 419 335 237 179 30 178 363 84 16 40 61 4 93 61 -9999 -9999 -9999 -9999 -9999 -9999 -9999 -9999 -9999 -9999 -9999 -9999 83 205 359 368 280 54 23 38 153 305 252 275 134 -9999 -9999 -9999 -9999 -9999
-9999 -9999 -9999 3 3 3 3 3 3 3 3 4 -9999 3 3 51 235 188 102 278 470 325 145 187 60 324 137 11 18 153 265 92 266 130 205 330 445 315 357 175 191 441 274 73 107 173 282 169 218 111 53 168 32 4 -9999 -9999 -9999 -9999 -9999 -9999 -9999 -9999 47 289 260 232 365 247 49 14 86 314 322 261 164 78 -9999 -9999 -9999 -9999
