phyloclim/inst/extdata/alt.asc
NCOLS 396 
NROWS 264 
XLLCORNER -73.5000000000025 
YLLCORNER -56.0000000000011 
CELLSIZE 0.041666666666667 
NODATA_value -9999 
[rows 108 to 143 of 264, columns 80 to 159 of 396]
135 134 130 128 124 122 118 114 111 110 107 106 103 95 108 113 108 104 108 110 109 116 119 124 146 154 150 149 146 142 136 129 166 172 162 118 80 29 14 -36 -45 -58 -65 -58 -52 -45 -56 -31 22 75 109 149 153 117 56 27 54 67 59 24 -9999 -9999 -9999 -9999 -9999 -9999 -9999 -9999 -9999 -9999 -9999 -9999 -9999 -9999 -9999 -9999 -9999 -9999 -9999 -9999
120 118 115 112 109 105 102 99 96 96 97 96 94 90 84 82 73 71 70 71 79 79 80 80 81 82 80 90 99 119 131 131 132 135 138 145 122 63 17 -21 -45 -56 -67 -71 -91 -85 -66 -29 34 135 147 152 109 74 71 66 59 75 71 21 -9999 -9999 -9999 -9999 -9999 -9999 -9999 -9999 -9999 -9999 -9999 -9999 -9999 -9999 -9999 -9999 -9999 -9999 -9999 -9999
122 121 118 114 113 110 108 103 96 94 90 88 85 83 80 85 87 86 82 77 71 67 61 53 52 53 54 55 56 55 52 64 71 83 100 111 125 142 101 87 30 -68 -83 -85 -63 -71 -19 30 121 151 131 135 101 79 77 74 74 72 55 -2 -9999 -9999 -9999 -9999 -9999 -9999 -9999 -9999 -9999 -9999 -9999 -9999 -9999 -9999 -9999 -9999 -9999 -9999 -9999 -9999
238 364 333 295 215 211 191 177 159 126 111 104 100 111 142 158 139 144 134 93 103 98 95 99 96 84 75 65 55 38 36 39 41 47 45 41 51 102 114 121 87 48 20 -3 -5 36 144 156 141 121 109 93 82 81 79 78 74 67 39 -2 -9999 -9999 -9999 -9999 -9999 -9999 -9999 -9999 -9999 -9999 -9999 -9999 -9999 -9999 -9999 -9999 -9999 -9999 -9999 -9999
491 451 420 400 389 377 361 290 243 182 159 148 148 169 167 174 160 158 149 118 127 126 125 129 131 124 114 97 88 83 66 51 31 24 33 44 40 37 93 112 111 109 106 104 105 114 121 119 115 104 90 87 84 82 80 78 76 72 47 -9999 -9999 -9999 -9999 -9999 -9999 -9999 -9999 -9999 -9999 -9999 -9999 -9999 -9999 -9999 -9999 -9999 -9999 -9999 -9999 -9999
525 499 447 419 398 387 373 354 316 282 283 241 187 169 149 165 166 136 102 91 82 82 99 108 119 136 137 133 118 103 90 85 80 60 26 23 33 37 33 74 84 83 88 99 101 98 96 94 93 91 89 87 85 83 81 78 76 74 59 -9999 -9999 -9999 -9999 -9999 -9999 -9999 -9999 -9999 -9999 -9999 -9999 -9999 -9999 -9999 -9999 -9999 -9999 -9999 -9999 -9999
532 521 515 473 434 412 393 367 333 326 286 247 220 205 180 151 115 93 34 30 32 7 17 36 62 120 132 131 130 129 124 112 101 87 76 40 15 29 29 45 68 71 70 68 72 79 85 89 91 90 88 80 84 78 81 78 76 72 48 -9999 -9999 -9999 -9999 -9999 -9999 -9999 -9999 -9999 -9999 -9999 -9999 -9999 -9999 -9999 -9999 -9999 -9999 -9999 -9999 -9999
521 505 502 511 481 434 404 393 375 338 282 289 210 184 201 185 152 114 57 45 49 50 34 33 66 129 130 129 127 125 123 122 120 118 111 93 42 13 26 25 52 54 59 65 64 65 66 64 65 70 81 86 80 58 77 86 79 75 22 -9999 -9999 -9999 -9999 -9999 -9999 -9999 -9999 -9999 -9999 -9999 -9999 -9999 -9999 -9999 -9999 -9999 -9999 -9999 -9999 -9999
508 501 459 480 485 473 446 426 400 373 365 373 351 323 283 201 156 119 108 98 65 78 28 36 71 102 121 123 124 122 121 119 118 116 114 112 106 30 14 21 38 49 49 52 59 59 66 66 62 57 56 68 80 77 73 80 70 37 -9999 -9999 -9999 -9999 -9999 -9999 -9999 -9999 -9999 -9999 -9999 -9999 -9999 -9999 -9999 -9999 -9999 -9999 -9999 -9999 -9999 -9999
493 494 479 412 457 462 450 449 431 426 402 389 378 341 333 319 292 205 161 121 88 63 31 63 57 74 80 100 119 120 118 116 114 112 110 107 90 73 7 16 26 33 41 45 50 52 55 65 65 62 55 52 67 76 75 72 55 1 -9999 -9999 -9999 -9999 -9999 -9999 -9999 -9999 -9999 -9999 -9999 -9999 -9999 -9999 -9999 -9999 -9999 -9999 -9999 -9999 -9999 -9999
493 480 462 418 396 443 441 439 434 431 420 391 381 350 255 249 208 257 202 222 172 106 69 57 33 33 45 92 122 122 122 118 97 82 64 61 46 34 14 9 17 25 29 38 47 46 50 50 55 59 56 49 51 70 70 70 26 -9999 -9999 -9999 -9999 -9999 -9999 -9999 -9999 -9999 -9999 -9999 -9999 -9999 -9999 -9999 -9999 -9999 -9999 -9999 -9999 -9999 -9999 -9999
464 474 464 437 352 404 407 435 389 361 323 240 301 321 330 275 166 176 176 60 54 81 67 14 4 -15 38 57 53 48 28 21 27 30 29 14 29 62 50 1 5 21 24 25 37 41 43 44 44 46 49 46 44 56 60 66 -9999 -9999 -9999 -9999 -9999 -9999 -9999 -9999 -9999 -9999 -9999 -9999 -9999 -9999 -9999 -9999 -9999 -9999 -9999 -9999 -9999 -9999 -9999 -9999
425 443 449 442 402 283 417 419 352 209 160 142 134 142 154 156 142 109 91 54 -1 -32 -53 -21 -22 -14 44 32 25 50 72 88 93 110 118 116 115 107 89 22 0 10 18 21 23 33 35 37 37 38 37 38 34 29 0 -9999 -9999 -9999 -9999 -9999 -9999 -9999 -9999 -9999 -9999 -9999 -9999 -9999 -9999 -9999 -9999 -9999 -9999 -9999 -9999 -9999 -9999 -9999 -9999 -9999
341 363 357 357 372 260 375 336 328 193 139 94 70 67 68 82 88 70 70 67 51 57 50 89 83 48 32 46 96 109 126 125 124 122 120 118 117 114 106 54 -3 2 8 13 15 21 24 28 31 33 30 24 7 -9999 -9999 -9999 -9999 -9999 -9999 -9999 -9999 -9999 -9999 -9999 -9999 -9999 -9999 -9999 -9999 -9999 -9999 -9999 -9999 -9999 -9999 -9999 -9999 -9999 -9999 -9999
278 257 316 286 288 212 226 207 221 162 107 66 61 78 73 62 61 69 51 44 50 99 93 72 44 32 93 130 134 133 131 129 127 125 124 122 120 117 106 96 91 74 39 8 10 11 15 17 17 17 -1 -9999 -9999 -9999 -9999 -9999 -9999 -9999 -9999 -9999 -9999 -9999 -9999 -9999 -9999 -9999 -9999 -9999 -9999 -9999 -9999 -9999 -9999 -9999 -9999 -9999 -9999 -9999 -9999 -9999
224 180 189 169 160 192 182 133 124 95 69 68 114 133 146 156 163 161 151 126 91 73 45 40 59 175 181 161 170 161 158 162 149 143 139 134 131 129 118 124 121 122 95 53 0 1 -9999 -9999 -9999 -9999 -9999 -9999 -9999 -9999 -9999 -9999 -9999 -9999 -9999 -9999 -9999 -9999 -9999 -9999 -9999 -9999 -9999 -9999 -9999 -9999 -9999 -9999 -9999 -9999 -9999 -9999 -9999 -9999 -9999 -9999
121 101 90 85 84 78 79 85 73 66 85 182 205 221 234 220 246 226 217 209 161 186 175 112 123 161 190 253 240 218 242 229 229 183 198 195 183 177 156 142 122 91 81 0 -9999 -9999 -9999 -9999 -9999 -9999 -9999 -9999 -9999 -9999 -9999 -9999 -9999 -9999 -9999 -9999 -9999 -9999 -9999 -9999 -9999 -9999 -9999 -9999 -9999 -9999 -9999 -9999 -9999 -9999 -9999 -9999 -9999 -9999 -9999 -9999
97 128 149 145 135 96 87 90 105 107 132 177 287 347 333 327 315 280 330 312 275 352 217 314 313 313 314 326 327 300 313 290 280 236 277 229 163 128 90 37 -1 -9999 -9999 -9999 -9999 -9999 -9999 -9999 -9999 -9999 -9999 -9999 -9999 -9999 -9999 -9999 -9999 -9999 -9999 -9999 -9999 -9999 -9999 -9999 -9999 -9999 -9999 -9999 -9999 -9999 -9999 -9999 -9999 -9999 -9999 -9999 -9999 -9999 -9999 -9999
183 249 299 328 348 239 159 233 299 319 328 347 377 375 373 368 366 359 364 364 364 359 353 356 349 347 345 342 326 322 278 209 184 126 88 57 11 -1 -9999 -9999 -9999 -9999 -9999 -9999 -9999 -9999 -9999 -9999 -9999 -9999 -9999 -9999 -9999 -9999 -9999 -9999 -9999 -9999 -9999 -9999 -9999 -9999 -9999 -9999 -9999 -9999 -9999 -9999 -9999 -9999 -9999 -9999 -9999 -9999 -9999 -9999 -9999 -9999 -9999 -9999
380 383 382 378 375 367 359 375 375 367 362 363 363 363 367 367 365 361 361 359 356 357 350 347 345 330 328 330 278 219 134 57 24 0 -9999 -9999 -9999 -9999 -9999 -9999 -9999 -9999 -9999 -9999 -9999 -9999 -9999 -9999 -9999 -9999 -9999 -9999 -9999 -9999 -9999 -9999 -9999 -9999 -9999 -9999 -9999 -9999 -9999 -9999 -9999 -9999 -9999 -9999 -9999 -9999 -9999 -9999 -9999 -9999 -9999 -9999 -9999 -9999 -9999 -9999
372 377 379 382 379 378 373 374 371 367 364 361 356 355 353 358 360 354 353 351 345 347 345 340 339 307 283 180 174 59 26 -2 -9999 -9999 -9999 -9999 -9999 -9999 -9999 -9999 -9999 -9999 -9999 -9999 -9999 -9999 -9999 -9999 -9999 -9999 -9999 -9999 -9999 -9999 -9999 -9999 -9999 -9999 -9999 -9999 -9999 -9999 -9999 -9999 -9999 -9999 -9999 -9999 -9999 -9999 -9999 -9999 -9999 -9999 -9999 -9999 -9999 -9999 -9999 -9999
368 377 378 374 370 369 366 362 363 358 357 353 344 346 341 342 337 335 335 338 338 339 338 336 311 300 202 88 49 23 -9999 -9999 -9999 -9999 -9999 -9999 -9999 -9999 -9999 -9999 -9999 -9999 -9999 -9999 -9999 -9999 -9999 -9999 -9999 -9999 -9999 -9999 -9999 -9999 -9999 -9999 -9999 -9999 -9999 -9999 -9999 -9999 -9999 -9999 -9999 -9999 -9999 -9999 -9999 -9999 -9999 -9999 -9999 -9999 -9999 -9999 -9999 -9999 -9999 -9999
362 364 367 363 357 358 354 352 352 354 354 345 332 335 315 314 310 311 317 325 327 327 327 330 325 238 112 63 16 -9999 -9999 -9999 -9999 -9999 -9999 -9999 -9999 -9999 -9999 -9999 -9999 -9999 -9999 -9999 -9999 -9999 -9999 -9999 -9999 -9999 -9999 -9999 -9999 -9999 -9999 -9999 -9999 -9999 -9999 -9999 -9999 -9999 -9999 -9999 -9999 -9999 -9999 -9999 -9999 -9999 -9999 -9999 -9999 -9999 -9999 -9999 -9999 -9999 -9999 -9999
361 359 359 355 348 345 345 346 344 338 339 253 240 269 288 282 302 309 308 310 317 315 298 315 299 304 155 50 -1 -9999 -9999 -9999 -9999 -9999 -9999 -9999 -9999 -9999 -9999 -9999 -9999 -9999 -9999 -9999 -9999 -9999 -9999 -9999 -9999 -9999 -9999 -9999 -9999 -9999 -9999 -9999 -9999 -9999 -9999 -9999 -9999 -9999 -9999 -9999 -9999 -9999 -9999 -9999 -9999 -9999 -9999 -9999 -9999 -9999 -9999 -9999 -9999 -9999 -9999 -9999
363 361 354 351 346 344 340 335 337 335 332 297 252 255 260 266 300 304 298 302 300 285 224 289 237 133 83 1 -9999 -9999 -9999 -9999 -9999 -9999 -9999 -9999 -9999 -9999 -9999 -9999 -9999 -9999 -9999 -9999 -9999 -9999 -9999 -9999 -9999 -9999 -9999 -9999 -9999 -9999 -9999 -9999 -9999 -9999 -9999 -9999 -9999 -9999 -9999 -9999 -9999 -9999 -9999 -9999 -9999 -9999 -9999 -9999 -9999 -9999 -9999 -9999 -9999 -9999 -9999 -9999
357 356 351 349 338 343 340 340 341 341 333 324 314 311 315 291 292 289 280 281 295 291 207 171 91 43 34 -9999 -9999 -9999 -9999 -9999 -9999 -9999 -9999 -9999 -9999 -9999 -9999 -9999 -9999 -9999 -9999 -9999 -9999 -9999 -9999 -9999 -9999 -9999 -9999 -9999 -9999 -9999 -9999 -9999 -9999 -9999 -9999 -9999 -9999 -9999 -9999 -9999 -9999 -9999 -9999 -9999 -9999 -9999 -9999 -9999 -9999 -9999 -9999 -9999 -9999 -9999 -9999 -9999
349 351 346 343 342 346 344 345 348 341 328 319 297 293 304 301 300 297 284 290 294 270 171 104 75 41 -9999 -9999 -9999 -9999 -9999 -9999 -9999 -9999 -9999 -9999 -9999 -9999 -9999 -9999 -9999 -9999 -9999 -9999 -9999 -9999 -9999 -9999 -9999 -9999 -9999 -9999 -9999 -9999 -9999 -9999 -9999 -9999 -9999 -9999 -9999 -9999 -9999 -9999 -9999 -9999 -9999 -9999 -9999 -9999 -9999 -9999 -9999 -9999 -9999 -9999 -9999 -9999 -9999 -9999
341 342 340 339 341 341 336 335 335 331 323 316 306 294 294 293 292 283 288 282 252 183 123 96 80 37 -9999 -9999 -9999 -9999 -9999 -9999 -9999 -9999 -9999 -9999 -9999 -9999 -9999 -9999 -9999 -9999 -9999 -9999 -9999 -9999 -9999 -9999 -9999 -9999 -9999 -9999 -9999 -9999 -9999 -9999 -9999 -9999 -9999 -9999 -9999 -9999 -9999 -9999 -9999 -9999 -9999 -9999 -9999 -9999 -9999 -9999 -9999 -9999 -9999 -9999 -9999 -9999 -9999 -9999
328 330 329 325 322 318 316 313 313 312 315 309 296 286 283 283 280 284 283 250 133 87 67 46 21 4 -9999 -9999 -9999 -9999 -9999 -9999 -9999 -9999 -9999 -9999 -9999 -9999 -9999 -9999 -9999 -9999 -9999 -9999 -9999 -9999 -9999 -9999 -9999 -9999 -9999 -9999 -9999 -9999 -9999 -9999 -9999 -9999 -9999 -9999 -9999 -9999 -9999 -9999 -9999 -9999 -9999 -9999 -9999 -9999 -9999 -9999 -9999 -9999 -9999 -9999 -9999 -9999 -9999 -9999
324 321 290 280 275 308 311 309 304 296 286 289 286 283 272 278 284 285 279 279 256 221 104 52 17 -9999 -9999 -9999 -9999 -9999 -9999 -9999 -9999 -9999 -9999 -9999 -9999 -9999 -9999 -9999 -9999 -9999 -9999 -9999 -9999 -9999 -9999 -9999 -9999 -9999 -9999 -9999 -9999 -9999 -9999 -9999 -9999 -9999 -9999 -9999 -9999 -9999 -9999 -9999 -9999 -9999 -9999 -9999 -9999 -9999 -9999 -9999 -9999 -9999 -9999 -9999 -9999 -9999 -9999 -9999
320 305 238 227 264 307 309 306 297 281 259 271 280 276 265 263 270 274 275 246 194 158 144 101 70 -9999 -9999 -9999 -9999 -9999 -9999 -9999 -9999 -9999 -9999 -9999 -9999 -9999 -9999 -9999 -9999 -9999 -9999 -9999 -9999 -9999 -9999 -9999 -9999 -9999 -9999 -9999 -9999 -9999 -9999 -9999 -9999 -9999 -9999 -9999 -9999 -9999 -9999 -9999 -9999 -9999 -9999 -9999 -9999 -9999 -9999 -9999 -9999 -9999 -9999 -9999 -9999 -9999 -9999 -9999
314 317 316 314 310 301 298 295 291 279 272 268 270 263 253 218 232 253 250 213 169 113 100 112 98 -9999 -9999 -9999 -9999 -9999 -9999 -9999 -9999 -9999 -9999 -9999 -9999 -9999 -9999 -9999 -9999 -9999 -9999 -9999 -9999 -9999 -9999 -9999 -9999 -9999 -9999 -9999 -9999 -9999 -9999 -9999 -9999 -9999 -9999 -9999 -9999 -9999 -9999 -9999 -9999 -9999 -9999 -9999 -9999 -9999 -9999 -9999 -9999 -9999 -9999 -9999 -9999 -9999 -9999 -9999
307 306 304 301 293 288 283 279 268 256 251 245 259 246 241 201 165 153 183 180 158 170 164 106 58 -9999 -9999 -9999 -9999 -9999 -9999 -9999 -9999 -9999 -9999 -9999 -9999 -9999 -9999 -9999 -9999 -9999 -9999 -9999 -9999 -9999 -9999 -9999 -9999 -9999 -9999 -9999 -9999 -9999 -9999 -9999 -9999 -9999 -9999 -9999 -9999 -9999 -9999 -9999 -9999 -9999 -9999 -9999 -9999 -9999 -9999 -9999 -9999 -9999 -9999 -9999 -9999 -9999 -9999 -9999
285 282 280 278 273 279 270 233 184 175 183 195 196 204 203 203 207 150 144 133 139 111 96 72 47 -9999 -9999 -9999 -9999 -9999 -9999 -9999 -9999 -9999 -9999 -9999 -9999 -9999 -9999 -9999 -9999 -9999 -9999 -9999 -9999 -9999 -9999 -9999 -9999 -9999 -9999 -9999 -9999 -9999 -9999 -9999 -9999 -9999 -9999 -9999 -9999 -9999 -9999 -9999 -9999 -9999 -9999 -9999 -9999 -9999 -9999 -9999 -9999 -9999 -9999 -9999 -9999 -9999 -9999 -9999
278 278 272 263 229 232 239 205 200 213 216 208 208 208 207 205 201 180 123 65 54 47 35 18 2 -9999 -9999 -9999 -9999 -9999 -9999 -9999 -9999 -9999 -9999 -9999 -9999 -9999 -9999 -9999 -9999 -9999 -9999 -9999 -9999 -9999 -9999 -9999 -9999 -9999 -9999 -9999 -9999 -9999 -9999 -9999 -9999 -9999 -9999 -9999 -9999 -9999 -9999 -9999 -9999 -9999 -9999 -9999 -9999 -9999 -9999 -9999 -9999 -9999 -9999 -9999 -9999 -9999 -9999 -9999
264 260 251 237 231 227 225 224 223 220 219 216 213 208 197 184 160 126 71 32 18 7 9 42 -9999 -9999 -9999 -9999 -9999 -9999 -9999 -9999 -9999 -9999 -9999 -9999 -9999 -9999 -9999 -9999 -9999 -9999 -9999 -9999 -9999 -9999 -9999 -9999 -9999 -9999 -9999 -9999 -9999 -9999 -9999 -9999 -9999 -9999 -9999 -9999 -9999 -9999 -9999 -9999 -9999 -9999 -9999 -9999 -9999 -9999 -9999 -9999 -9999 -9999 -9999 -9999 -9999 -9999 -9999 -9999
