phyloclim/inst/extdata/alt.asc
NCOLS 396 
NROWS 264 
XLLCORNER -73.5000000000025 
YLLCORNER -56.0000000000011 
CELLSIZE 0.041666666666667 
NODATA_value -9999 
[rows 36 to 71 of 264, columns 80 to 159 of 396]
365 355 341 321 362 376 375 384 434 541 589 585 578 560 540 438 437 356 316 342 376 386 378 363 352 349 347 350 342 332 336 339 336 340 340 329 324 311 302 337 348 354 353 351 348 345 343 341 339 336 333 330 327 326 324 323 321 317 291 274 240 187 101 80 40 4 -9999 -9999 -9999 -9999 -9999 -9999 -9999 -9999 -9999 -9999 -9999 -9999 -9999 -9999
401 388 380 368 332 290 306 353 355 379 522 564 534 474 418 367 336 329 326 329 335 327 328 330 330 333 340 348 351 351 342 338 335 344 352 348 338 330 325 322 320 321 327 331 334 338 338 337 335 333 329 327 326 324 322 321 319 311 314 266 216 168 131 138 88 30 8 -9999 -9999 -9999 -9999 -9999 -9999 -9999 -9999 -9999 -9999 -9999 -9999 -9999
393 400 399 403 395 353 288 307 336 341 425 474 417 384 363 343 337 329 321 317 312 308 306 298 296 292 318 326 344 344 368 363 369 377 375 372 368 359 345 334 322 315 313 310 309 309 315 317 321 324 324 324 323 321 320 319 318 314 302 305 297 275 261 235 137 61 25 6 0 -9999 -9999 -9999 -9999 -9999 -9999 -9999 -9999 -9999 -9999 -9999
447 391 415 366 373 396 397 352 323 309 297 328 347 330 324 318 317 308 306 304 301 298 295 287 282 288 285 266 239 244 281 387 329 306 323 358 357 346 358 354 349 337 317 308 305 303 302 300 299 298 296 298 304 311 313 315 315 313 312 309 305 298 295 213 118 96 71 50 35 20 6 -9999 -9999 -9999 -9999 -9999 -9999 -9999 -9999 -9999
537 476 497 431 375 368 418 366 369 357 337 301 288 301 298 317 320 318 316 313 312 312 314 320 224 247 234 216 219 230 210 214 227 232 259 279 223 205 251 315 305 299 329 322 305 306 304 301 297 294 293 292 290 289 289 293 298 302 302 305 303 295 275 253 235 214 179 110 54 37 34 21 3 0 -9999 -9999 -9999 -9999 -9999 -9999
578 574 547 439 354 335 319 305 307 335 397 326 272 260 256 268 284 285 284 266 252 250 255 281 256 239 245 279 306 304 290 253 230 222 199 198 212 193 186 184 203 228 236 241 239 242 269 301 298 294 289 287 286 285 284 282 280 278 278 277 278 275 263 258 267 222 178 183 176 187 165 75 33 7 -9999 -9999 -9999 -9999 -9999 -9999
609 614 592 567 399 366 365 374 350 426 441 370 325 293 268 268 258 250 256 269 271 300 293 296 291 329 304 305 304 303 301 299 293 284 268 254 245 216 201 189 177 175 176 172 177 177 184 234 295 293 289 285 282 283 281 280 278 275 273 271 273 271 263 251 219 241 267 266 265 251 196 108 77 38 9 -9999 -9999 -9999 -9999 -9999
647 646 640 574 471 505 588 547 485 452 433 416 365 390 361 281 291 433 525 546 512 516 514 486 397 320 297 303 295 322 298 296 294 293 292 290 287 278 271 264 224 200 175 176 210 214 179 156 255 289 288 286 285 284 282 281 280 279 277 276 275 273 271 269 268 266 265 263 260 257 258 236 185 111 69 22 1 -9999 -9999 -9999
757 725 719 681 641 642 615 576 492 485 526 476 451 538 540 325 431 782 919 973 911 760 837 806 683 508 438 366 350 291 310 306 285 289 288 287 286 285 284 282 279 278 261 253 262 256 247 176 163 241 272 277 279 279 278 276 276 275 273 272 270 269 267 266 264 262 260 256 256 254 253 250 247 229 218 188 142 92 -9999 -9999
800 763 743 707 679 650 575 567 556 526 530 472 565 652 581 476 468 738 964 1004 1025 877 899 841 863 784 752 532 426 354 288 279 278 283 282 281 281 280 279 278 276 275 272 271 269 265 261 237 173 149 198 245 253 258 263 269 269 269 269 267 265 264 262 261 260 258 253 246 249 251 249 246 243 244 232 222 175 66 10 -9999
787 777 739 707 670 651 588 571 669 666 607 551 598 654 721 804 740 693 832 826 777 764 777 778 790 798 745 588 361 462 430 310 291 294 286 277 272 266 297 326 272 270 268 267 265 261 258 255 245 162 143 183 244 249 247 248 260 264 262 261 259 257 256 255 255 254 253 250 208 218 242 243 242 241 238 207 207 178 102 62
844 841 822 771 719 695 647 682 717 685 599 561 614 609 705 779 963 968 852 817 644 613 626 602 527 480 412 364 345 383 459 423 348 359 318 290 283 265 246 268 267 266 264 253 253 257 260 255 244 211 153 147 211 242 243 241 240 251 257 255 253 249 242 241 248 239 247 245 235 241 239 235 236 234 222 222 223 198 132 86
895 920 881 840 766 749 725 737 696 712 679 648 623 599 684 780 926 909 911 913 815 884 872 812 761 639 594 521 466 482 653 537 444 608 522 376 285 258 235 222 246 244 229 220 212 211 204 192 169 151 148 136 135 147 182 203 225 220 240 250 250 245 244 231 205 178 222 239 237 235 234 233 231 230 226 219 181 177 128 100
901 920 916 846 783 764 758 724 704 686 704 748 678 656 730 882 949 895 875 993 1113 1082 951 846 770 664 659 733 714 589 461 443 390 452 443 360 319 289 230 207 208 236 283 188 172 169 169 170 221 184 223 207 164 144 127 123 120 141 128 153 177 168 161 135 129 120 130 216 211 215 228 228 226 223 223 220 194 200 180 120
950 956 924 875 820 783 779 777 670 670 708 682 639 670 737 867 866 850 866 934 1124 1094 968 870 776 740 708 712 706 515 413 408 483 652 597 612 552 377 215 196 195 196 211 212 165 223 388 387 257 199 231 233 228 212 196 173 164 153 134 126 117 113 111 111 112 107 98 99 165 142 214 221 220 220 206 192 193 195 194 182
957 906 939 910 862 794 781 766 728 692 660 630 666 664 684 612 679 790 796 817 913 1103 973 859 826 828 829 780 670 524 521 470 549 599 571 555 570 428 261 205 194 186 178 171 173 254 405 408 379 274 225 232 226 225 221 214 224 240 206 183 178 174 170 164 157 147 140 115 87 141 193 198 197 198 188 186 184 181 180 177
955 902 869 874 828 825 776 772 753 718 701 707 731 691 675 633 712 809 829 787 793 890 876 851 875 854 936 890 911 725 636 525 462 407 375 357 336 281 237 209 197 186 177 175 200 348 362 294 269 276 308 317 271 221 220 217 215 224 221 211 206 202 196 192 183 169 155 142 117 101 95 166 190 188 186 183 181 179 175 158
926 937 866 835 807 782 759 715 726 708 689 665 645 627 653 708 781 807 817 785 779 741 722 738 807 860 937 964 984 985 960 720 649 468 333 291 272 265 229 213 199 187 187 193 221 391 450 330 358 389 370 340 275 272 208 218 238 239 238 235 221 206 203 198 196 193 186 159 146 133 117 96 159 169 183 178 179 176 189 185
945 866 813 798 771 741 730 711 676 671 690 671 667 673 700 738 770 742 738 752 751 691 677 741 847 886 958 982 991 881 746 786 677 464 336 306 309 273 239 213 234 279 266 255 213 215 231 291 321 297 273 267 269 275 209 228 257 264 257 248 232 214 201 199 197 195 190 178 152 145 127 95 122 143 161 177 174 161 212 159
924 900 885 834 800 782 778 717 762 785 730 763 712 710 740 798 810 802 759 768 807 836 789 725 816 892 971 987 1024 1012 998 835 606 439 418 426 369 301 268 283 358 300 293 250 295 325 298 325 338 320 355 267 268 228 227 239 245 259 254 246 237 225 197 196 194 192 189 186 177 149 136 99 108 123 142 160 170 163 142 143
960 901 853 829 807 821 823 812 840 803 796 775 736 752 747 749 769 732 758 810 837 835 926 835 764 864 863 807 924 971 959 830 649 529 565 565 524 503 492 284 246 248 265 279 410 391 337 375 398 341 320 325 319 285 309 263 220 218 218 204 229 216 192 191 190 188 186 184 181 177 154 133 108 105 134 140 164 147 154 160
926 884 929 873 853 932 945 918 898 902 880 821 814 807 755 765 755 784 772 790 780 815 858 916 831 844 886 888 947 836 811 805 787 816 817 828 765 540 342 298 273 299 410 362 328 374 392 428 418 340 318 328 289 296 272 242 207 182 172 147 165 174 184 185 184 183 181 180 178 175 171 168 154 127 102 136 166 150 172 160
1005 984 1041 1009 979 960 930 915 893 869 824 797 757 802 794 766 749 802 801 777 766 781 810 937 991 936 994 1007 987 908 783 690 681 831 853 709 498 391 334 310 300 311 403 439 423 423 443 455 436 397 374 300 189 200 239 189 219 194 193 150 152 180 184 180 177 178 176 174 173 172 169 165 159 152 113 140 160 172 206 206
1021 968 998 982 996 995 894 865 821 804 796 793 774 757 756 739 717 735 754 706 729 756 774 845 916 921 945 905 774 760 635 576 566 651 550 461 420 368 335 330 323 317 326 381 382 392 421 418 422 410 376 311 216 178 203 196 173 181 198 185 191 199 168 166 174 173 171 169 164 164 165 162 158 129 107 154 151 187 209 199
951 908 915 896 927 913 873 878 798 804 787 739 754 760 734 714 713 717 697 682 738 745 751 754 767 749 873 980 775 664 640 574 545 511 460 448 414 383 361 348 340 310 325 320 268 346 410 325 375 382 351 322 261 237 136 147 142 148 174 167 140 156 195 191 177 162 164 164 170 172 162 157 153 126 111 152 165 205 202 200
840 803 802 870 914 882 871 883 816 773 749 695 691 711 739 755 748 734 709 675 710 730 736 744 725 744 854 784 712 603 598 601 533 533 489 479 444 417 393 374 361 323 311 312 277 235 225 202 338 340 325 309 275 224 89 100 138 109 124 135 143 179 184 168 139 149 153 158 163 160 157 157 152 135 84 132 154 179 181 188
793 748 740 739 767 836 902 883 845 797 788 827 816 787 807 830 828 778 734 711 724 733 737 751 816 842 741 771 744 608 554 541 550 555 536 499 449 412 391 377 353 310 296 295 286 263 198 181 143 97 101 234 259 181 85 95 85 97 120 136 150 151 170 174 155 148 157 156 150 155 152 151 149 140 100 88 115 133 147 146
712 745 776 834 867 846 835 823 824 821 793 769 812 813 819 830 802 771 727 728 732 725 731 740 835 901 912 954 939 786 610 573 581 602 597 582 504 439 470 450 381 345 313 278 273 262 246 237 177 99 89 117 201 190 100 89 96 106 120 131 130 123 136 153 159 148 153 137 138 145 146 148 145 145 142 117 89 97 127 129
721 749 746 805 832 834 842 797 785 787 796 815 810 767 775 759 777 780 748 745 729 731 732 734 809 857 914 974 882 776 737 796 699 635 618 592 582 566 502 515 414 385 329 281 265 252 234 229 205 116 55 55 94 106 109 133 120 164 158 166 156 145 150 143 164 151 147 161 138 150 144 144 143 149 150 160 149 128 106 91
657 692 716 758 794 805 816 806 801 810 842 854 824 746 748 747 739 753 748 755 731 727 733 733 761 773 820 966 817 743 718 802 777 727 635 441 474 486 455 487 437 334 276 265 251 238 225 215 170 144 62 47 54 64 72 86 94 121 150 154 173 189 177 148 171 172 183 182 187 158 153 160 156 151 146 155 155 156 150 139
633 652 670 703 748 781 803 852 858 874 890 875 826 774 759 766 751 754 755 745 740 729 728 730 733 744 737 738 663 571 514 653 682 539 592 411 422 450 421 392 373 311 294 257 234 237 226 216 165 109 115 134 136 83 76 75 80 91 119 172 182 197 184 169 164 173 193 184 165 167 168 166 157 155 155 148 146 155 153 136
604 663 725 729 799 804 803 878 904 966 886 894 858 812 775 793 747 749 739 745 760 784 736 731 735 774 773 667 616 529 419 391 389 364 373 465 462 378 402 360 340 298 275 267 268 232 208 211 204 190 116 95 93 80 89 80 78 92 123 155 195 186 177 164 159 170 179 168 144 145 152 153 164 159 145 138 124 140 154 136
640 692 779 761 836 820 871 905 909 855 814 826 862 843 780 761 746 746 760 755 726 719 726 727 749 791 846 811 768 675 580 522 448 353 317 327 313 296 287 268 261 263 262 217 199 217 213 199 157 117 92 98 105 97 99 95 89 110 118 136 166 168 163 156 156 168 171 154 138 122 152 147 154 160 134 125 119 117 124 119
583 677 761 821 720 737 742 770 794 749 782 832 846 820 794 816 817 776 744 746 747 710 719 724 790 901 865 765 692 714 635 471 460 457 420 377 340 303 269 256 248 239 215 213 188 170 198 200 153 120 119 118 116 113 104 92 98 118 116 111 120 136 143 134 140 138 155 156 138 122 131 132 143 174 167 150 129 108 122 129
654 706 765 741 693 700 747 704 717 738 780 790 812 834 820 808 812 813 838 812 767 752 735 714 807 930 816 723 661 698 568 478 420 399 384 393 380 360 314 274 295 278 244 236 205 191 167 159 165 148 139 127 128 107 107 98 103 103 88 93 100 112 129 143 141 136 131 130 115 125 132 128 140 179 178 151 125 119 148 160
615 668 705 754 728 704 743 693 718 769 779 777 815 879 880 826 822 867 893 797 754 758 713 754 857 784 725 638 562 558 542 517 484 436 411 406 403 380 345 306 279 279 272 220 183 172 149 151 155 136 130 122 111 106 120 137 131 126 105 103 113 122 140 134 120 120 116 108 111 111 134 153 169 172 178 149 118 126 117 118
