phyloclim/inst/extdata/bio12.asc
NCOLS 396 
NROWS 264 
XLLCORNER -73.5000000000025 
YLLCORNER -56.0000000000011 
CELLSIZE 0.041666666666667 
NODATA_value -9999 
[rows 0 to 35 of 264, columns 81 to 161 of 396]
179 172 170 166 165 159 154 151 148 143 139 138 136 133 136 137 135 134 136 138 141 145 145 146 142 142 144 144 143 141 141 145 148 148 151 154 155 155 156 156 157 154 156 163 165 166 167 167 168 169 169 171 171 172 171 171 173 178 179 181 183 187 188 188 190 190 189 189 189 188 187 187 184 184 186 188 188 190 190 189 188
179 177 169 167 165 165 156 151 151 146 139 138 136 135 136 139 136 134 134 134 136 139 141 145 143 140 142 142 140 141 139 140 141 139 141 146 152 154 155 156 157 154 153 160 163 162 162 165 163 166 168 168 169 169 170 175 177 178 179 186 186 188 189 190 191 191 190 188 187 184 184 184 184 185 188 189 190 192 191 190 190
180 176 175 167 165 162 160 151 146 146 141 139 136 136 137 138 138 134 133 135 136 131 139 144 143 141 139 141 140 141 140 140 143 141 140 142 146 152 154 155 157 153 157 157 162 162 160 160 162 165 168 168 169 171 174 176 179 183 186 186 187 190 191 194 192 191 189 187 185 185 184 184 185 185 188 191 193 195 194 194 193
179 177 176 166 163 160 158 152 146 142 140 139 136 136 138 137 135 134 136 138 137 136 141 146 145 142 140 140 141 141 141 141 144 143 141 141 143 149 154 156 159 157 158 161 162 160 158 159 162 165 168 168 169 171 176 178 180 184 186 188 191 193 194 195 193 190 185 185 185 185 185 185 185 189 193 193 193 196 195 194 193
179 177 176 164 163 161 158 154 147 141 139 140 137 138 140 139 137 138 143 142 142 144 146 147 146 144 140 140 141 141 142 146 146 144 143 144 146 147 154 158 158 157 158 163 163 161 161 159 163 165 168 169 170 175 178 179 183 187 188 190 194 194 194 194 190 188 185 185 185 185 185 186 189 193 195 196 196 196 196 195 194
179 178 176 167 166 166 166 154 147 144 140 140 137 139 142 140 139 143 148 147 145 145 147 147 146 145 141 141 141 141 146 143 144 144 149 149 144 146 152 158 157 158 159 164 163 165 166 168 170 171 174 175 175 176 179 182 186 189 192 194 194 194 195 194 193 191 189 185 185 185 186 192 195 198 198 198 197 197 197 194 194
179 176 174 174 166 166 163 155 150 147 147 146 145 145 143 139 144 151 152 150 146 145 147 147 147 143 141 145 146 146 145 142 144 144 148 151 152 153 154 159 159 160 163 162 164 166 168 169 172 174 176 177 177 178 182 185 189 191 192 193 194 194 194 194 195 194 190 186 185 190 193 193 199 200 198 198 198 197 -9999 -9999 -9999
180 176 174 173 168 164 164 156 149 146 145 145 144 141 142 143 145 148 147 149 148 145 147 147 145 143 137 143 144 145 145 140 142 145 148 152 153 156 158 158 160 160 164 164 166 167 168 170 172 174 176 179 179 183 185 189 190 192 191 193 195 195 195 195 195 194 186 187 193 197 199 202 204 204 204 203 -9999 -9999 -9999 -9999 -9999
178 176 173 173 172 165 161 156 147 146 145 141 144 137 137 139 144 149 148 148 145 147 146 146 145 139 137 143 144 145 143 145 145 147 147 150 153 156 157 158 160 160 163 165 166 167 169 171 172 173 177 179 182 186 188 190 191 191 191 193 194 194 194 195 194 193 187 191 196 201 204 205 206 205 -9999 -9999 -9999 -9999 -9999 -9999 -9999
179 176 174 172 171 171 163 158 155 150 147 146 146 144 141 140 140 145 147 147 147 146 146 145 145 137 135 142 144 143 141 145 147 151 151 153 152 154 156 158 160 160 161 163 164 166 166 169 172 175 179 182 183 186 187 188 189 191 190 193 194 189 190 192 189 190 195 197 202 205 206 206 206 -9999 -9999 -9999 -9999 -9999 -9999 -9999 -9999
178 176 174 171 168 167 164 162 157 150 148 149 146 144 141 137 138 137 138 140 145 147 144 143 144 137 138 141 143 144 141 143 148 150 151 153 152 153 154 159 160 159 160 160 162 164 166 172 174 179 180 182 183 184 183 180 182 185 189 192 192 184 187 187 188 190 197 201 202 203 207 207 -9999 -9999 -9999 -9999 -9999 -9999 -9999 -9999 -9999
177 175 173 169 169 166 165 162 160 156 153 147 147 146 142 143 143 138 137 137 145 148 144 144 138 138 139 140 142 144 144 147 148 150 151 153 152 154 154 157 158 158 159 160 163 167 171 175 178 179 179 181 181 182 179 177 182 185 190 191 188 185 188 189 195 195 195 201 205 208 207 -9999 -9999 -9999 -9999 -9999 -9999 -9999 -9999 -9999 -9999
177 174 173 169 168 167 164 164 161 157 153 147 145 141 143 141 140 141 143 147 148 148 147 144 139 141 139 140 140 144 145 146 148 151 151 152 155 154 155 156 153 156 160 161 167 170 173 176 177 178 178 178 177 179 177 177 183 184 184 185 185 188 189 190 191 197 206 206 213 211 210 -9999 -9999 -9999 -9999 -9999 -9999 -9999 -9999 -9999 -9999
177 176 172 170 168 168 165 166 162 158 153 148 146 143 143 140 140 139 142 147 149 148 147 146 143 142 142 140 141 145 145 145 148 151 151 155 155 156 155 156 158 160 160 165 168 170 172 173 176 178 177 177 175 176 177 178 178 184 185 185 186 188 189 189 193 197 206 213 215 215 -9999 -9999 -9999 -9999 -9999 -9999 -9999 -9999 -9999 -9999 -9999
178 176 172 169 169 166 167 165 164 157 155 147 144 146 144 143 141 140 140 145 150 150 146 146 143 144 142 142 144 145 146 146 148 150 151 155 156 157 158 157 158 161 162 168 168 166 172 173 175 177 177 175 174 177 177 178 180 184 185 186 187 188 189 195 204 212 214 217 -9999 -9999 -9999 -9999 -9999 -9999 -9999 -9999 -9999 -9999 -9999 -9999 -9999
180 179 175 176 171 169 167 165 164 162 158 146 145 146 145 143 142 140 141 142 145 149 147 146 146 146 144 144 145 146 146 147 148 151 153 155 155 155 156 157 161 164 163 162 164 166 172 172 175 176 175 174 174 177 177 178 180 185 186 191 195 198 200 206 212 220 220 -9999 -9999 -9999 -9999 -9999 -9999 -9999 -9999 -9999 -9999 -9999 -9999 -9999 -9999
179 177 175 174 175 175 167 166 165 163 162 153 147 146 145 142 141 141 142 142 147 150 149 147 146 148 147 148 148 147 148 149 150 151 152 155 155 154 154 158 161 163 162 161 164 165 170 171 172 174 172 174 174 176 177 178 182 189 194 196 205 208 213 215 221 221 221 -9999 -9999 -9999 -9999 -9999 -9999 -9999 -9999 -9999 -9999 -9999 -9999 -9999 -9999
176 175 174 174 173 170 174 168 165 165 164 161 156 148 146 144 142 143 144 146 151 152 150 149 148 149 148 148 148 148 149 150 149 148 150 150 154 154 157 161 162 162 162 160 161 164 168 169 172 169 171 173 175 177 179 186 187 190 195 204 207 214 220 223 222 223 221 -9999 -9999 -9999 -9999 -9999 -9999 -9999 -9999 -9999 -9999 -9999 -9999 -9999 -9999
175 174 174 170 171 171 169 168 167 168 164 161 156 149 146 145 145 144 148 151 151 152 151 148 150 150 150 149 148 148 146 147 148 150 150 152 154 154 158 161 161 160 160 163 162 162 165 170 168 170 171 174 175 177 187 189 195 199 204 206 210 214 223 229 228 226 -9999 -9999 -9999 -9999 -9999 -9999 -9999 -9999 -9999 -9999 -9999 -9999 -9999 -9999 -9999
176 175 173 172 170 168 167 168 172 167 163 154 149 150 148 152 154 152 156 158 157 154 153 151 150 148 148 146 147 147 146 148 150 150 150 154 155 158 160 157 158 159 159 160 163 162 168 168 168 171 171 175 176 176 186 189 192 194 202 207 212 217 224 229 229 228 -9999 -9999 -9999 -9999 -9999 -9999 -9999 -9999 -9999 -9999 -9999 -9999 -9999 -9999 -9999
176 174 172 172 171 170 167 167 168 174 167 160 156 154 159 164 163 162 161 158 158 157 153 151 146 148 148 148 148 147 147 148 150 150 151 152 154 155 156 157 156 158 159 160 162 164 167 167 170 171 174 178 180 184 188 194 196 198 205 207 209 218 222 228 -9999 -9999 -9999 -9999 -9999 -9999 -9999 -9999 -9999 -9999 -9999 -9999 -9999 -9999 -9999 -9999 -9999
175 174 174 173 171 168 167 167 168 170 176 170 165 157 157 169 167 165 163 162 159 157 153 149 149 150 150 150 149 150 149 151 151 151 150 149 152 154 154 154 158 158 158 161 163 166 167 168 171 171 176 179 186 189 193 197 202 206 214 215 219 225 227 -9999 -9999 -9999 -9999 -9999 -9999 -9999 -9999 -9999 -9999 -9999 -9999 -9999 -9999 -9999 -9999 -9999 -9999
174 174 174 174 172 170 169 168 168 171 171 173 168 162 161 170 170 169 165 161 158 156 152 150 151 152 152 152 152 150 150 149 149 150 150 152 153 154 154 155 158 159 159 160 163 164 168 169 170 171 175 178 183 189 194 197 198 205 208 214 218 224 225 -9999 -9999 -9999 -9999 -9999 -9999 -9999 -9999 -9999 -9999 -9999 -9999 -9999 -9999 -9999 -9999 -9999 -9999
172 172 173 173 174 172 172 171 172 174 174 174 174 169 173 172 171 169 163 159 157 155 154 154 155 154 154 153 152 151 150 149 150 151 151 151 154 155 155 157 158 159 160 161 163 167 170 172 175 178 179 182 182 185 189 196 196 205 214 217 219 224 224 -9999 -9999 -9999 -9999 -9999 -9999 -9999 -9999 -9999 -9999 -9999 -9999 -9999 -9999 -9999 -9999 -9999 -9999
174 174 172 172 174 173 173 173 173 175 175 175 175 174 174 170 170 170 164 161 160 159 159 158 157 155 154 155 155 151 150 149 150 152 152 153 153 155 158 158 158 160 160 164 164 170 172 179 182 185 188 188 191 192 191 198 205 209 212 215 218 -9999 -9999 -9999 -9999 -9999 -9999 -9999 -9999 -9999 -9999 -9999 -9999 -9999 -9999 -9999 -9999 -9999 -9999 -9999 -9999
176 175 174 173 181 183 180 176 174 176 176 176 175 176 175 174 173 170 166 165 163 163 163 160 160 158 157 157 154 153 152 149 152 153 154 154 154 158 159 158 159 160 168 168 169 172 178 182 186 188 192 196 196 196 196 205 208 209 214 217 219 -9999 -9999 -9999 -9999 -9999 -9999 -9999 -9999 -9999 -9999 -9999 -9999 -9999 -9999 -9999 -9999 -9999 -9999 -9999 -9999
175 174 174 174 175 177 182 175 174 175 178 179 178 177 177 176 177 175 173 171 169 168 165 164 162 160 159 158 153 154 153 154 154 155 154 155 156 158 159 160 161 169 171 174 177 180 184 185 188 188 195 198 196 198 197 200 209 212 214 215 -9999 -9999 -9999 -9999 -9999 -9999 -9999 -9999 -9999 -9999 -9999 -9999 -9999 -9999 -9999 -9999 -9999 -9999 -9999 -9999 -9999
174 174 175 175 174 175 177 176 176 176 176 181 184 184 182 179 179 178 176 174 172 171 168 165 165 164 162 160 157 154 153 156 157 157 156 157 159 160 161 163 168 169 174 177 180 180 184 189 193 194 197 198 199 199 200 201 207 210 212 215 -9999 -9999 -9999 -9999 -9999 -9999 -9999 -9999 -9999 -9999 -9999 -9999 -9999 -9999 -9999 -9999 -9999 -9999 -9999 -9999 -9999
175 174 174 175 177 180 180 180 179 178 175 180 187 186 186 185 184 183 179 177 174 172 170 166 166 165 164 160 158 156 156 158 158 158 158 159 160 164 168 169 170 174 178 180 182 184 185 190 191 196 198 199 200 202 202 200 207 211 212 213 -9999 -9999 -9999 -9999 -9999 -9999 -9999 -9999 -9999 -9999 -9999 -9999 -9999 -9999 -9999 -9999 -9999 -9999 -9999 -9999 -9999
174 175 176 179 179 179 181 181 181 181 179 183 187 189 189 189 187 186 183 178 177 171 172 170 166 166 165 162 159 158 157 157 158 159 159 161 161 168 170 170 175 178 180 184 184 188 191 192 196 196 199 200 200 201 202 203 208 211 212 213 214 -9999 -9999 -9999 -9999 -9999 -9999 -9999 -9999 -9999 -9999 -9999 -9999 -9999 -9999 -9999 -9999 -9999 -9999 -9999 -9999
176 178 179 181 182 181 180 180 180 180 180 185 189 186 187 189 185 184 184 180 177 179 177 174 171 166 164 162 162 161 160 160 160 162 161 164 167 169 169 172 174 178 182 186 188 191 191 194 196 197 199 200 199 200 200 206 208 209 212 213 213 -9999 -9999 -9999 -9999 -9999 -9999 -9999 -9999 -9999 -9999 -9999 -9999 -9999 -9999 -9999 -9999 -9999 -9999 -9999 -9999
177 179 182 184 184 183 182 182 184 184 184 185 185 189 191 191 188 185 185 184 181 181 179 174 173 170 166 165 164 162 162 163 161 163 165 168 170 170 173 174 178 181 185 188 190 191 193 195 196 197 199 200 203 205 205 207 207 208 209 213 213 213 -9999 -9999 -9999 -9999 -9999 -9999 -9999 -9999 -9999 -9999 -9999 -9999 -9999 -9999 -9999 -9999 -9999 -9999 -9999
179 181 183 184 186 191 192 193 193 193 193 192 190 188 190 193 194 190 190 187 184 183 180 176 173 172 168 165 165 165 163 164 163 167 168 169 169 172 176 181 184 184 188 190 191 193 195 195 197 198 200 200 202 204 205 206 206 206 207 209 211 213 -9999 -9999 -9999 -9999 -9999 -9999 -9999 -9999 -9999 -9999 -9999 -9999 -9999 -9999 -9999 -9999 -9999 -9999 -9999
185 185 185 187 192 193 193 194 195 198 200 201 201 201 200 197 197 195 195 191 186 184 182 181 176 174 172 170 168 167 164 166 166 167 168 169 171 177 178 182 184 188 189 191 192 192 194 195 196 198 198 198 201 203 203 204 204 204 206 208 209 211 212 -9999 -9999 -9999 -9999 -9999 -9999 -9999 -9999 -9999 -9999 -9999 -9999 -9999 -9999 -9999 -9999 -9999 -9999
190 193 187 190 191 194 196 198 198 201 203 203 204 204 205 205 202 200 197 199 199 195 186 183 180 177 173 170 167 165 165 168 167 167 170 172 171 174 179 184 186 187 187 188 191 192 193 193 193 193 193 194 196 197 199 200 201 202 204 207 207 210 211 211 -9999 -9999 -9999 -9999 -9999 -9999 -9999 -9999 -9999 -9999 -9999 -9999 -9999 -9999 -9999 -9999 -9999
191 195 199 201 202 201 201 201 204 204 205 206 206 208 208 205 215 220 216 213 207 201 196 192 185 182 177 171 167 166 170 170 170 173 178 181 179 179 182 183 184 185 185 186 186 188 188 189 191 191 194 196 197 198 199 200 200 202 202 207 207 209 210 211 -9999 -9999 -9999 -9999 -9999 -9999 -9999 -9999 -9999 -9999 -9999 -9999 -9999 -9999 -9999 -9999 -9999
