phyloclim/inst/extdata/bio1.asc
NCOLS 396 
NROWS 264 
XLLCORNER -73.5000000000025 
YLLCORNER -56.0000000000011 
CELLSIZE 0.041666666666667 
NODATA_value -9999 
[rows 0 to 36 of 264, columns 0 to 82 of 396]
94 93 95 70 61 63 64 79 73 68 52 70 73 68 54 59 38 48 40 50 65 64 69 79 82 53 45 44 48 39 44 80 68 71 49 45 61 64 56 56 50 48 44 40 31 34 33 35 40 38 43 48 49 53 57 61 64 66 67 68 71 73 74 75 77 78 79 81 82 83 83 84 84 85 90 92 91 91 91 92 93 94 93
94 94 92 84 68 79 59 64 54 57 57 50 31 61 59 50 46 49 37 36 40 38 44 74 48 52 55 46 43 56 40 58 69 68 52 36 42 43 53 61 59 57 54 51 47 46 46 40 40 44 45 48 49 53 57 62 61 62 64 67 71 73 74 75 77 78 79 80 81 81 82 83 84 86 94 96 93 90 90 92 93 94 95
95 92 71 87 90 65 52 29 31 49 60 64 65 69 68 58 55 41 45 49 53 45 65 51 43 37 41 51 62 59 74 70 84 66 52 38 27 28 39 47 44 62 53 54 54 48 48 42 44 46 47 49 50 56 59 61 61 64 66 69 71 73 74 76 77 78 79 79 80 80 81 82 83 84 85 87 91 90 88 92 93 94 95
94 94 73 76 93 76 64 56 23 41 57 68 69 67 59 57 55 48 44 49 44 77 59 34 51 52 44 40 38 39 44 46 83 68 63 60 59 58 69 60 32 53 56 58 58 59 55 53 53 54 53 51 50 55 57 59 62 64 66 68 70 72 74 75 76 77 78 79 79 80 81 81 82 83 84 85 89 88 88 91 93 94 95
84 93 89 81 92 88 77 63 42 31 51 52 67 57 63 46 46 46 50 38 56 76 32 40 36 34 41 63 53 32 44 75 76 61 55 57 61 67 57 69 67 56 62 64 61 59 57 60 60 58 58 59 57 55 57 58 60 62 65 68 70 72 73 74 75 76 77 78 78 79 80 80 82 82 82 83 85 85 88 92 93 93 95
80 91 72 54 75 90 86 70 50 50 48 60 60 51 49 65 60 49 44 44 74 46 36 47 34 43 39 39 53 67 73 51 37 42 48 52 53 58 45 53 71 73 72 71 70 68 67 65 63 61 60 60 61 63 64 63 63 62 64 66 69 71 72 73 75 76 76 77 78 79 79 80 81 82 82 83 84 83 85 89 93 93 95
93 93 78 68 65 95 93 87 67 71 52 66 41 44 43 48 65 72 56 55 76 36 40 55 39 36 45 41 63 67 72 65 59 59 42 31 34 36 46 47 49 64 68 70 72 71 67 65 64 62 61 62 62 63 64 65 65 65 63 63 67 70 72 73 74 75 75 76 77 78 81 82 83 84 83 83 85 85 86 89 93 93 95
91 92 88 90 93 90 84 73 69 83 66 72 54 55 41 54 41 48 77 77 69 55 48 46 42 63 68 63 44 31 51 33 46 66 69 47 35 31 38 52 58 55 53 53 61 66 68 65 62 62 61 61 62 63 64 65 66 66 64 63 67 70 71 72 73 75 75 77 80 82 84 85 86 87 88 88 88 89 90 94 93 94 94
72 -9999 -9999 93 83 68 60 52 73 -9999 92 69 52 47 38 47 55 49 67 93 85 84 70 67 76 84 63 47 44 32 37 30 31 44 61 68 60 58 58 54 47 41 34 36 46 52 57 67 63 57 57 58 60 62 63 64 66 66 67 67 69 71 73 74 76 77 79 80 81 83 84 85 86 87 88 89 90 91 92 93 93 94 94
-9999 93 92 74 85 67 56 48 70 82 91 80 67 59 55 80 89 80 78 93 91 92 89 77 91 68 46 39 41 43 41 46 40 42 56 65 59 53 40 41 34 36 36 34 38 38 43 55 61 52 48 49 51 54 56 58 59 61 64 65 68 71 73 75 76 78 79 80 82 83 84 85 86 87 89 89 90 92 92 93 94 95 95
91 67 81 67 70 59 57 58 65 80 67 83 91 92 91 93 92 89 87 69 54 84 63 70 79 90 80 57 44 39 64 44 38 45 57 60 51 36 30 36 35 36 44 50 52 52 53 52 55 61 58 54 54 55 56 58 60 62 65 67 69 71 73 75 76 78 79 80 82 83 84 85 86 88 89 90 91 92 93 93 94 94 95
80 61 81 57 66 50 48 59 79 70 61 71 77 78 78 89 74 65 76 79 81 83 62 60 60 73 59 58 66 72 66 55 59 58 64 61 58 52 45 50 49 53 56 58 59 59 58 56 57 60 62 64 63 64 63 62 60 61 64 66 69 71 73 75 77 78 80 81 82 83 84 86 87 88 89 90 91 92 92 93 93 94 95
67 58 74 58 54 47 51 82 77 70 57 62 75 56 60 58 58 50 80 89 76 79 67 49 42 50 63 47 37 38 45 54 74 76 64 46 51 59 68 59 59 61 60 58 57 58 60 59 60 63 65 67 68 69 69 68 68 65 63 65 68 71 74 75 77 78 80 81 82 84 85 86 87 88 89 90 91 92 93 93 94 94 95
63 57 56 65 58 60 80 81 65 64 66 44 70 57 32 45 42 69 72 59 72 58 75 72 66 41 53 38 44 47 43 51 65 74 78 74 73 70 57 53 55 55 56 58 57 60 62 64 64 66 67 67 68 69 69 70 73 74 74 73 72 74 73 76 78 79 80 81 83 84 85 86 88 88 89 90 92 92 93 93 94 94 95
58 53 61 80 73 86 73 54 49 53 50 48 77 46 29 41 66 69 41 45 47 78 75 78 79 57 46 36 35 35 52 62 75 76 55 47 44 46 56 57 55 55 56 60 61 62 63 64 64 63 62 59 55 57 56 57 62 67 70 72 75 76 79 80 81 82 82 82 83 84 85 86 88 89 90 91 92 93 94 93 95 95 95
65 53 62 78 92 84 75 76 82 71 64 70 68 40 57 79 78 52 52 56 59 75 61 73 76 64 59 51 54 47 53 70 78 77 56 44 52 61 60 56 57 56 57 57 56 57 57 51 47 45 45 47 50 53 57 61 65 67 70 70 70 74 77 79 81 82 85 87 87 87 88 89 90 91 91 91 92 94 95 96 97 98 98
59 60 83 88 77 75 86 83 67 58 61 65 64 62 74 64 60 45 42 49 43 73 60 53 64 57 60 60 71 70 71 77 78 77 73 66 65 62 55 58 52 50 44 45 45 38 41 40 43 45 47 50 53 56 60 62 64 66 69 74 78 78 79 81 82 82 83 83 84 86 87 89 90 91 93 95 95 95 95 95 97 97 98
72 83 79 68 64 55 66 81 55 44 63 80 75 55 46 44 45 37 31 39 36 51 77 49 34 30 35 47 57 68 67 75 78 77 73 68 64 61 56 55 43 41 39 37 36 35 37 40 42 47 49 54 56 58 61 63 64 65 68 73 80 77 77 76 78 79 81 82 84 85 86 87 88 90 91 90 91 92 93 95 94 95 96
87 86 74 64 57 48 50 62 46 48 81 72 44 43 30 35 36 41 29 34 45 67 54 55 66 61 65 61 65 70 65 75 75 72 67 69 63 65 59 59 57 54 49 51 41 33 35 38 41 43 47 50 51 53 55 59 64 67 71 74 78 72 73 72 77 80 81 82 83 84 86 87 88 88 89 90 91 93 93 93 94 95 96
68 64 65 55 52 34 32 48 76 81 77 72 59 47 43 48 42 33 50 63 61 65 64 58 56 64 52 30 33 37 58 42 57 62 67 64 69 68 67 64 65 65 64 62 57 50 41 38 40 42 46 47 48 50 54 63 71 74 75 68 67 69 70 70 73 78 80 82 83 84 86 86 87 88 89 90 91 92 93 94 94 95 95
80 75 72 60 53 55 69 82 75 68 64 49 38 43 46 43 57 54 65 59 32 46 28 38 45 37 55 56 37 53 23 26 24 39 63 45 57 59 61 64 64 65 66 66 66 62 58 53 52 54 55 56 58 59 65 73 74 73 69 67 66 68 71 74 76 76 79 81 82 84 84 86 87 88 89 90 91 91 93 94 94 95 96
75 77 78 85 87 83 68 55 47 37 44 32 30 15 22 46 47 44 46 42 54 33 27 38 30 27 28 50 65 39 32 41 42 59 48 45 45 54 55 57 64 65 66 67 68 67 66 66 64 63 64 65 66 68 73 73 73 70 67 67 65 67 70 72 74 77 79 81 82 84 81 84 86 88 89 90 90 91 93 94 94 95 96
60 55 60 84 70 73 71 58 52 61 44 22 23 17 21 34 31 20 32 30 26 39 28 40 44 47 53 48 49 53 64 56 55 35 25 40 45 29 36 50 57 60 62 63 65 68 69 69 69 68 67 69 72 72 70 68 67 61 61 63 66 69 70 71 74 76 79 80 81 82 81 84 86 88 89 89 90 91 92 94 95 94 95
60 55 75 71 50 56 71 84 83 70 56 47 29 32 45 52 57 44 17 42 32 37 29 15 21 31 24 34 29 42 41 23 39 32 35 41 46 41 36 39 49 56 57 59 61 64 64 65 65 66 67 67 67 66 67 63 61 57 59 62 65 68 68 70 73 76 78 79 81 82 83 85 86 87 88 89 90 91 93 95 92 91 93
50 61 83 90 86 87 83 59 61 78 67 43 29 23 28 24 31 43 56 36 58 56 31 34 19 27 26 18 19 21 30 10 16 30 31 32 38 30 26 19 37 49 50 54 56 55 54 59 62 61 59 60 58 54 54 55 57 57 59 62 64 66 68 71 73 75 77 79 80 82 83 84 85 87 88 89 90 91 93 94 94 93 93
54 72 80 65 67 75 72 58 41 56 61 55 39 29 38 48 43 49 42 50 54 70 42 37 37 22 9 26 14 14 21 16 28 17 18 29 24 30 20 21 32 32 42 47 40 41 45 40 44 45 44 46 49 49 51 53 56 59 62 64 66 68 69 71 73 74 76 77 79 80 82 83 85 86 87 88 89 90 92 93 95 95 96
76 83 63 46 46 64 56 50 34 27 39 57 55 46 33 44 28 29 32 19 24 48 69 62 59 58 47 19 38 47 59 63 62 57 52 30 13 21 21 12 16 19 36 43 36 32 34 38 40 42 43 45 46 48 51 54 56 58 60 61 63 65 67 69 71 73 75 77 78 80 82 83 84 85 87 88 89 91 92 93 93 94 96
85 74 61 44 44 46 48 22 21 21 30 53 55 66 64 63 41 22 41 50 55 55 47 30 44 54 66 72 72 68 68 67 72 69 61 47 20 20 6 11 22 24 36 49 49 39 37 38 40 40 42 45 47 50 51 52 54 56 58 61 63 65 67 69 71 73 75 77 78 80 83 82 80 82 85 87 89 90 92 93 94 95 95
66 52 68 64 57 49 34 27 58 31 26 25 30 38 46 58 67 50 55 43 37 24 25 45 43 47 54 63 59 54 54 60 60 62 74 61 53 18 18 6 19 25 36 50 56 57 56 55 56 53 52 50 50 51 51 52 54 56 58 60 63 65 67 69 71 73 75 76 78 80 82 83 82 83 84 86 88 90 91 93 94 95 96
59 53 51 47 37 39 58 61 50 31 34 28 31 24 29 36 65 47 30 31 26 37 28 42 31 30 39 62 63 52 58 59 56 62 64 72 68 47 43 21 29 26 43 60 64 66 66 65 65 64 63 62 62 60 60 58 57 57 58 60 62 64 66 69 71 73 75 76 78 80 82 83 85 86 88 89 89 91 92 94 95 96 96
75 67 65 50 46 76 72 67 49 45 40 44 28 46 20 41 64 33 36 34 25 24 22 20 35 29 37 42 30 36 23 17 22 40 56 61 78 76 52 44 47 58 66 78 80 80 80 79 74 70 68 69 69 70 70 69 70 69 68 66 64 65 67 68 70 73 75 77 78 80 82 84 85 86 88 89 91 92 94 95 96 97 97
80 82 79 70 61 77 44 38 48 54 47 35 47 50 56 59 71 60 47 33 27 15 16 17 29 21 22 26 15 19 20 29 40 47 44 49 68 83 81 80 83 82 83 86 86 86 82 82 77 76 76 76 74 74 75 74 72 73 74 75 74 71 67 68 71 73 75 76 78 80 82 85 87 88 90 91 93 95 95 95 96 97 98
61 76 81 83 84 83 64 69 69 43 43 41 44 46 41 38 57 75 71 54 33 25 31 34 33 30 11 19 14 19 23 27 18 22 38 45 57 68 80 84 82 83 86 87 86 83 84 86 86 86 88 89 85 82 80 78 79 80 80 77 79 78 77 76 75 76 79 81 81 81 82 84 85 87 88 90 91 93 95 98 100 99 99
69 51 55 54 71 84 55 68 81 82 70 56 34 27 22 48 38 34 68 80 47 47 39 19 23 37 17 34 17 9 11 3 11 15 17 36 61 73 80 84 84 86 87 87 88 88 89 90 90 90 90 90 88 87 85 82 81 82 83 82 80 82 81 81 81 79 79 82 84 86 87 88 88 90 92 95 96 97 98 98 97 101 102
64 49 43 60 54 71 80 56 43 72 65 50 32 29 38 57 66 64 68 80 57 25 28 18 32 46 39 33 50 30 40 19 1 13 29 58 83 85 85 86 86 86 87 88 88 89 90 90 91 92 92 92 93 94 91 87 83 83 85 86 85 82 84 82 83 83 83 82 84 86 88 91 92 91 94 98 100 101 103 105 107 106 108
44 29 48 58 63 36 55 81 55 61 53 38 36 48 51 45 37 41 71 81 40 33 33 27 10 21 23 31 30 38 49 60 49 60 80 85 85 85 84 84 86 87 87 88 88 89 90 90 91 92 92 93 94 94 94 93 88 86 86 87 88 87 84 86 86 87 87 88 88 87 87 89 94 93 94 97 100 102 104 106 108 109 110
41 11 49 51 40 29 51 78 64 46 61 66 54 42 33 25 38 41 70 80 50 38 21 43 22 10 31 42 57 64 78 83 83 84 84 84 82 77 75 82 81 78 87 88 89 89 90 91 91 92 93 93 94 95 95 97 96 91 88 88 89 90 87 87 89 88 89 90 91 93 94 94 99 101 99 98 100 102 105 109 111 113 115
