phyloclim/inst/extdata/bio1.asc
NCOLS 396 
NROWS 264 
XLLCORNER -73.5000000000025 
YLLCORNER -56.0000000000011 
CELLSIZE 0.041666666666667 
NODATA_value -9999 
[rows 185 to 221 of 264, columns 0 to 82 of 396]
67 67 64 65 67 65 49 47 48 50 32 52 61 50 38 41 52 41 65 57 65 66 65 65 64 52 54 -9999 66 64 52 35 37 38 45 58 57 56 56 56 58 59 59 59 58 59 61 63 64 65 66 63 64 66 65 67 66 66 66 66 66 67 67 67 66 66 66 66 66 67 66 66 66 -9999 66 66 65 65 65 66 66 -9999 -9999
66 66 67 67 65 64 53 41 34 32 18 39 56 51 43 53 60 66 55 46 47 56 66 65 60 42 65 63 56 54 51 42 45 36 45 45 52 49 47 45 45 47 46 48 49 57 62 64 64 64 66 65 65 66 66 66 66 66 66 67 67 67 67 67 66 67 65 -9999 -9999 -9999 -9999 -9999 -9999 66 65 65 64 64 65 65 66 66 66
59 64 61 65 64 57 59 34 14 0 -5 32 44 63 60 55 60 52 49 34 48 57 62 65 65 64 52 44 31 39 50 48 50 54 51 50 54 53 50 45 39 38 38 42 49 60 63 64 64 65 66 65 65 67 66 66 67 67 66 66 66 66 66 66 67 66 -9999 66 66 -9999 -9999 -9999 -9999 -9999 -9999 -9999 66 66 65 65 65 66 66
62 53 56 51 51 49 39 27 8 4 24 50 58 45 46 41 35 42 39 61 57 53 54 43 48 63 38 33 39 41 31 37 49 57 55 56 56 54 50 48 46 44 45 52 59 61 63 64 66 66 -9999 -9999 -9999 -9999 -9999 -9999 67 67 66 65 65 65 66 67 67 67 67 66 65 -9999 -9999 -9999 -9999 -9999 -9999 -9999 -9999 66 65 64 64 65 65
58 56 58 59 47 46 41 58 54 34 19 36 46 54 35 10 33 32 59 59 51 44 42 47 44 61 54 49 45 43 45 51 54 53 38 44 54 55 49 46 51 52 57 61 62 65 65 -9999 -9999 -9999 -9999 -9999 -9999 -9999 -9999 -9999 67 67 65 65 66 66 66 67 67 67 66 65 -9999 66 66 -9999 -9999 -9999 -9999 -9999 65 65 65 65 65 65 64
63 56 52 65 66 61 58 49 46 49 39 26 55 53 45 47 55 52 57 45 34 15 12 40 48 52 40 41 35 43 46 41 34 33 36 40 54 58 58 55 57 61 61 62 -9999 -9999 -9999 -9999 -9999 -9999 -9999 -9999 -9999 -9999 67 67 66 65 64 64 65 66 66 67 67 -9999 -9999 -9999 -9999 66 65 -9999 -9999 -9999 65 65 -9999 -9999 -9999 -9999 -9999 65 64
67 63 64 62 49 55 51 46 49 53 34 33 49 62 36 32 54 53 33 35 18 18 29 43 48 52 35 39 40 30 28 36 42 39 41 48 53 58 61 61 62 -9999 -9999 -9999 -9999 -9999 -9999 -9999 -9999 -9999 -9999 -9999 -9999 66 66 65 64 64 64 63 64 64 65 66 67 -9999 -9999 -9999 -9999 -9999 -9999 -9999 -9999 65 65 65 -9999 -9999 -9999 -9999 65 65 64
66 65 58 53 56 44 50 57 60 43 47 39 53 61 42 44 47 50 32 20 35 48 50 37 46 55 56 54 41 37 32 33 38 38 42 51 56 60 65 -9999 -9999 -9999 -9999 -9999 -9999 -9999 -9999 -9999 -9999 -9999 -9999 -9999 -9999 66 66 65 64 63 63 62 62 63 65 66 66 -9999 -9999 -9999 -9999 -9999 -9999 -9999 -9999 65 64 64 65 -9999 65 65 64 63 62
-9999 -9999 64 59 47 35 47 63 54 41 47 52 52 65 63 47 35 27 32 40 42 52 42 46 50 53 62 59 62 62 40 36 42 46 50 56 59 63 -9999 65 -9999 -9999 -9999 -9999 -9999 -9999 -9999 -9999 -9999 -9999 -9999 66 66 65 63 62 61 58 56 56 55 59 63 65 -9999 -9999 -9999 -9999 -9999 -9999 -9999 -9999 -9999 65 63 64 65 65 64 63 62 61 58
-9999 -9999 -9999 66 66 64 54 53 60 53 65 65 65 62 46 46 44 44 47 43 48 45 39 41 49 46 47 56 64 64 64 54 49 53 58 60 61 -9999 -9999 63 -9999 -9999 -9999 -9999 -9999 -9999 -9999 -9999 -9999 -9999 66 66 63 56 52 54 47 41 44 48 51 60 65 -9999 -9999 -9999 -9999 -9999 -9999 -9999 -9999 -9999 -9999 64 63 64 65 64 63 62 59 58 56
60 64 -9999 -9999 64 64 64 -9999 -9999 -9999 -9999 65 65 -9999 57 57 59 64 63 55 55 47 36 40 46 50 54 62 63 63 64 -9999 60 61 63 -9999 -9999 -9999 -9999 65 -9999 -9999 -9999 -9999 -9999 65 65 64 63 63 62 59 57 57 46 42 41 39 42 49 56 63 66 66 -9999 -9999 -9999 -9999 -9999 -9999 -9999 -9999 -9999 65 64 64 64 64 62 60 58 56 55
53 54 60 65 64 61 59 61 63 61 56 59 62 56 62 65 61 57 58 51 49 54 56 59 53 50 56 62 60 56 60 -9999 -9999 -9999 -9999 -9999 -9999 -9999 -9999 -9999 -9999 -9999 65 62 65 63 57 59 49 50 54 54 54 54 54 45 43 42 44 54 61 64 -9999 -9999 -9999 -9999 -9999 -9999 -9999 -9999 -9999 -9999 65 64 64 64 64 63 61 59 56 54 52
57 57 50 61 -9999 65 62 54 52 46 37 37 41 49 55 56 51 53 49 50 46 38 51 56 62 63 52 55 64 64 -9999 -9999 64 -9999 64 60 54 55 61 59 -9999 -9999 61 46 49 58 50 51 54 44 42 44 47 49 51 48 44 44 49 57 62 65 -9999 -9999 -9999 -9999 -9999 -9999 -9999 -9999 -9999 -9999 65 64 64 64 64 63 60 57 54 51 48
53 52 51 59 58 61 64 62 52 53 55 39 38 42 39 40 39 49 56 47 46 46 55 47 49 55 64 59 49 54 51 60 52 64 64 56 42 46 54 45 63 62 54 36 43 53 44 38 45 50 47 40 42 44 43 42 44 49 49 57 62 65 -9999 -9999 -9999 -9999 -9999 -9999 -9999 -9999 -9999 -9999 65 64 64 63 62 61 58 54 49 44 41
59 49 54 53 46 55 56 62 -9999 -9999 64 58 52 42 24 29 38 47 57 53 49 38 42 59 53 62 49 51 37 43 50 38 48 62 -9999 58 43 34 49 39 60 63 49 35 34 44 49 46 38 42 40 42 36 35 40 45 47 49 54 60 62 64 -9999 -9999 -9999 -9999 -9999 -9999 -9999 -9999 -9999 -9999 65 64 63 62 62 58 53 47 41 40 42
-9999 58 64 60 55 58 54 48 54 59 64 -9999 62 48 55 48 44 49 50 54 60 46 42 55 64 61 49 45 44 32 45 50 50 57 -9999 56 36 47 40 46 63 63 52 43 35 42 46 43 39 40 39 42 38 40 39 49 54 52 47 55 64 65 -9999 -9999 -9999 -9999 -9999 -9999 -9999 -9999 -9999 -9999 64 62 61 61 60 56 49 41 38 40 41
58 61 65 -9999 63 63 64 64 63 61 51 62 61 64 55 52 61 57 51 42 46 55 60 57 61 59 46 56 54 44 44 54 59 63 51 44 45 47 34 49 60 63 58 49 46 42 37 38 45 35 41 43 47 48 47 51 55 57 58 60 64 -9999 -9999 -9999 -9999 -9999 -9999 -9999 -9999 -9999 -9999 -9999 -9999 64 63 63 63 51 42 39 39 45 51
58 56 63 61 64 56 61 63 61 55 46 60 55 55 64 64 61 59 54 41 50 57 52 47 60 56 39 38 48 49 57 57 53 50 51 40 39 31 42 47 59 63 62 58 53 41 38 37 43 46 41 43 48 49 49 50 49 53 56 61 63 -9999 -9999 -9999 -9999 -9999 -9999 -9999 -9999 -9999 -9999 -9999 -9999 -9999 -9999 -9999 63 54 42 48 54 60 62
56 61 59 59 53 60 63 52 63 57 39 50 46 52 62 60 49 57 63 59 57 53 49 47 49 58 52 47 45 41 58 54 49 43 39 40 49 43 47 60 63 62 59 51 52 53 41 35 38 48 43 48 48 48 50 54 50 45 46 54 61 64 -9999 -9999 -9999 -9999 -9999 -9999 -9999 -9999 -9999 -9999 -9999 -9999 -9999 -9999 -9999 63 59 61 64 -9999 -9999
55 49 59 56 43 42 57 46 36 59 58 49 30 51 54 64 52 46 54 60 56 62 61 55 46 47 54 57 41 52 54 54 49 51 47 48 56 62 63 58 55 59 47 44 53 37 50 45 38 42 46 48 45 43 42 51 56 43 40 46 55 62 -9999 -9999 -9999 -9999 -9999 -9999 -9999 -9999 -9999 -9999 -9999 -9999 -9999 -9999 -9999 -9999 -9999 -9999 -9999 -9999 -9999
49 52 56 61 55 56 59 47 36 44 46 48 47 44 53 63 52 37 54 63 56 52 59 56 60 61 60 62 62 53 35 49 55 58 55 58 56 52 54 47 38 49 47 39 49 37 45 43 43 36 41 49 45 43 44 48 56 56 50 46 51 61 -9999 -9999 -9999 -9999 -9999 -9999 -9999 -9999 63 63 63 -9999 -9999 -9999 -9999 -9999 -9999 -9999 -9999 -9999 -9999
56 57 54 60 61 62 50 49 44 49 60 51 50 50 50 58 50 28 44 61 55 47 46 48 58 62 55 54 59 61 51 54 44 37 44 52 39 36 41 34 35 47 51 43 39 36 38 31 38 43 47 38 46 37 41 47 51 53 58 54 53 62 63 -9999 -9999 -9999 -9999 -9999 -9999 -9999 63 60 61 -9999 -9999 -9999 -9999 -9999 -9999 -9999 -9999 -9999 -9999
63 62 63 62 61 59 61 61 57 62 57 58 61 59 55 53 40 33 35 47 51 47 51 53 57 60 61 58 50 57 -9999 61 52 37 43 39 30 35 46 43 47 38 32 42 35 41 45 33 39 34 42 43 37 48 51 52 47 47 46 56 62 63 63 -9999 -9999 -9999 -9999 -9999 63 61 57 58 61 -9999 -9999 -9999 -9999 -9999 -9999 -9999 -9999 -9999 -9999
62 61 63 63 63 62 61 61 62 57 58 59 48 42 43 42 53 42 34 49 48 53 48 50 53 56 53 57 62 61 -9999 -9999 61 48 48 55 53 49 52 52 35 39 45 29 39 54 40 42 35 44 37 41 43 38 43 47 47 48 54 56 60 63 -9999 -9999 -9999 -9999 63 61 60 55 54 57 60 -9999 -9999 -9999 -9999 -9999 -9999 -9999 -9999 -9999 -9999
60 63 63 -9999 63 62 62 59 62 61 58 55 54 54 52 60 54 44 34 36 36 48 37 41 56 54 51 50 46 56 62 62 60 60 62 62 62 62 61 57 49 45 52 54 51 54 50 38 41 41 47 52 42 53 46 45 49 43 38 43 56 -9999 -9999 -9999 -9999 -9999 63 59 51 48 54 55 58 -9999 -9999 -9999 -9999 -9999 -9999 -9999 62 62 60
-9999 -9999 62 63 -9999 62 62 62 62 59 46 50 50 54 52 50 44 50 48 31 20 23 23 18 44 35 38 38 41 44 47 50 54 62 60 -9999 -9999 -9999 -9999 62 62 61 59 60 48 38 34 42 44 44 55 48 45 47 52 51 44 48 50 47 58 -9999 -9999 -9999 -9999 -9999 63 60 58 55 53 53 56 61 -9999 -9999 -9999 -9999 -9999 63 59 50 48
-9999 -9999 62 62 62 59 60 60 60 59 62 61 48 43 50 56 61 46 36 43 26 12 20 32 39 33 48 51 44 47 51 58 61 45 54 -9999 -9999 -9999 -9999 -9999 -9999 -9999 62 57 60 59 54 42 42 56 47 46 43 46 40 47 57 55 58 61 62 -9999 -9999 -9999 62 62 -9999 62 61 59 55 54 58 62 -9999 -9999 -9999 -9999 -9999 62 57 47 47
-9999 -9999 62 62 62 61 60 60 55 52 61 61 56 50 42 52 42 52 51 47 44 35 27 33 37 36 52 61 50 48 54 52 39 46 55 61 55 48 51 62 -9999 -9999 -9999 -9999 -9999 -9999 -9999 61 57 60 49 39 39 47 53 54 53 61 62 -9999 -9999 -9999 -9999 59 48 50 60 60 62 61 59 58 60 60 -9999 -9999 -9999 -9999 -9999 62 58 53 49
-9999 -9999 62 -9999 56 61 62 60 58 59 -9999 56 61 61 61 54 58 56 49 47 46 32 38 44 46 47 51 57 61 -9999 60 44 43 48 61 55 52 47 46 57 61 60 57 59 -9999 -9999 -9999 -9999 -9999 -9999 61 60 50 52 60 61 -9999 -9999 -9999 -9999 -9999 -9999 60 45 48 49 48 60 60 61 56 55 57 61 -9999 -9999 -9999 -9999 -9999 62 61 55 50
-9999 -9999 61 61 62 62 59 58 61 61 61 61 60 61 59 55 58 50 41 45 35 39 37 47 47 47 56 61 61 47 46 56 52 59 57 45 40 44 49 52 60 52 43 57 60 59 58 61 56 58 -9999 -9999 -9999 -9999 -9999 -9999 -9999 -9999 -9999 -9999 -9999 -9999 57 51 43 43 47 59 61 60 54 47 49 48 55 -9999 -9999 -9999 -9999 -9999 62 60 55
-9999 -9999 -9999 61 61 61 62 62 61 61 61 61 -9999 61 61 59 49 52 56 47 37 45 54 52 58 45 54 60 60 53 48 56 48 55 51 44 39 45 43 52 51 39 47 57 56 52 47 52 50 55 58 53 60 61 -9999 -9999 -9999 -9999 -9999 -9999 -9999 -9999 59 47 48 50 43 49 59 61 57 46 45 48 53 58 -9999 -9999 -9999 -9999 -9999 61 60
-9999 59 55 56 58 61 61 -9999 61 61 61 61 61 61 61 59 59 44 41 47 51 53 57 61 48 46 52 55 61 61 41 42 55 55 47 47 47 49 45 38 44 48 44 55 51 42 35 38 40 45 54 53 47 55 58 -9999 -9999 -9999 -9999 -9999 -9999 -9999 61 46 42 40 44 45 45 55 -9999 58 48 47 47 52 -9999 -9999 -9999 -9999 -9999 -9999 60
61 56 54 52 56 53 58 59 -9999 -9999 61 60 60 57 57 56 57 55 42 47 54 50 52 60 49 56 61 55 59 61 40 45 53 49 37 40 40 54 49 48 38 45 52 54 48 53 39 42 40 42 54 51 40 54 57 57 57 58 52 60 -9999 -9999 61 48 39 43 46 51 50 42 53 61 58 57 59 53 48 50 -9999 -9999 -9999 -9999 60
-9999 -9999 -9999 59 54 55 57 60 59 57 46 56 54 60 59 54 57 51 58 60 59 58 56 60 60 60 59 54 57 59 57 53 53 52 49 46 44 51 56 54 49 41 49 50 54 50 50 44 45 47 54 47 48 50 57 51 49 44 40 44 60 -9999 -9999 59 53 55 49 37 43 53 54 61 59 48 44 44 54 59 -9999 -9999 -9999 -9999 61
-9999 -9999 -9999 -9999 60 60 -9999 -9999 52 56 60 60 -9999 -9999 59 60 60 60 -9999 60 59 56 57 59 58 60 56 51 50 57 59 60 53 57 51 51 45 46 51 54 56 50 54 55 39 39 43 45 49 53 55 51 50 45 50 47 49 42 28 46 57 56 56 55 52 44 44 46 43 51 56 59 50 59 51 51 57 -9999 -9999 -9999 -9999 -9999 -9999
-9999 -9999 -9999 -9999 -9999 -9999 -9999 -9999 -9999 -9999 -9999 57 56 59 60 -9999 -9999 -9999 -9999 -9999 -9999 -9999 -9999 60 57 53 53 45 48 57 60 -9999 -9999 42 47 47 54 46 42 42 50 57 -9999 45 39 47 53 53 52 47 42 40 44 45 53 53 41 46 42 56 45 -9999 47 44 43 47 52 49 50 45 51 59 46 44 50 57 59 59 60 -9999 -9999 -9999 -9999
-9999 -9999 -9999 -9999 -9999 -9999 -9999 -9999 -9999 -9999 -9999 60 51 56 -9999 -9999 -9999 -9999 -9999 59 58 -9999 60 59 53 47 55 49 57 59 57 58 -9999 -9999 60 60 58 58 55 51 44 49 58 58 48 54 51 56 55 50 42 50 40 44 56 52 48 39 50 51 46 -9999 55 47 36 33 29 27 38 53 44 52 56 40 42 46 48 53 55 -9999 -9999 -9999 -9999
