phyloclim/inst/extdata/bio1.asc
NCOLS 396 
NROWS 264 
XLLCORNER -73.5000000000025 
YLLCORNER -56.0000000000011 
CELLSIZE 0.041666666666667 
NODATA_value -9999 
[rows 222 to 258 of 264, columns 83 to 165 of 396]
50 56 53 -9999 59 59 -9999 -9999 -9999 -9999 -9999 -9999 54 34 35 33 35 31 38 40 36 34 34 35 39 37 35 36 38 40 45 46 42 42 43 42 47 50 45 41 43 41 42 43 45 45 46 46 47 45 45 47 49 52 53 53 51 47 43 45 47 46 49 50 50 49 48 52 51 51 48 49 50 52 53 51 52 53 55 56 55 -9999 -9999
49 56 -9999 -9999 50 39 45 49 57 59 -9999 -9999 -9999 -9999 -9999 53 41 42 37 24 28 35 37 42 39 35 34 31 31 36 35 32 32 35 36 41 49 48 43 42 34 33 35 37 42 43 44 45 45 44 39 45 52 53 53 53 50 45 45 47 49 51 51 51 51 52 52 52 50 49 50 48 49 49 48 49 51 53 54 54 55 57 -9999
43 47 54 59 55 49 36 32 36 45 -9999 59 52 55 57 -9999 -9999 -9999 56 48 44 40 49 36 33 36 37 41 42 38 34 35 37 38 42 49 44 38 43 41 36 34 36 40 39 37 39 41 42 43 44 46 52 53 53 51 49 51 50 50 50 49 52 52 50 51 49 50 49 48 49 47 46 47 48 49 50 51 52 53 52 55 57
49 49 51 41 59 54 40 29 41 46 59 58 40 31 44 48 51 -9999 -9999 -9999 58 48 35 30 15 19 20 21 20 23 24 34 27 30 33 33 27 40 36 35 37 34 36 40 38 39 42 44 43 45 44 49 47 52 54 50 46 53 54 54 53 53 52 50 50 51 48 47 48 49 48 46 45 45 49 50 51 51 52 48 53 54 55
39 28 37 45 51 57 49 37 34 50 56 43 48 50 37 27 24 33 35 47 -9999 58 58 58 47 37 36 23 26 32 21 23 23 22 20 20 20 28 20 30 24 30 30 36 29 32 36 37 38 41 45 49 50 48 51 53 53 53 52 52 49 50 50 49 46 46 49 50 51 50 48 45 45 48 50 51 51 51 50 50 52 53 53
36 28 39 50 57 51 51 50 33 46 57 43 27 49 31 36 32 35 27 31 58 49 30 43 36 54 43 42 39 38 41 39 38 39 31 23 19 24 21 21 25 22 23 28 20 23 24 31 30 26 36 37 43 51 54 53 47 43 45 44 42 43 43 38 41 41 47 49 51 50 49 48 49 50 50 48 46 46 49 49 50 52 53
18 14 37 49 31 25 41 51 32 25 37 46 23 38 24 20 17 34 52 52 58 45 25 21 43 31 24 28 29 44 56 56 55 54 54 53 49 46 39 39 39 30 27 23 25 22 24 26 26 26 30 39 46 48 55 55 50 45 46 43 42 41 41 40 45 51 54 54 52 50 49 48 48 48 47 46 46 46 45 47 49 50 50
-3 -8 20 22 25 44 43 47 21 13 30 27 5 2 19 31 39 58 52 28 36 54 28 19 29 23 19 24 35 47 28 26 40 48 52 55 55 55 54 54 55 55 54 54 51 48 53 54 55 55 55 55 55 55 55 55 55 55 55 55 55 55 55 55 55 55 54 49 48 48 46 44 44 43 42 45 46 44 45 47 48 50 50
-1 -11 -14 -15 -11 15 42 27 12 17 22 10 -19 -2 17 29 58 56 36 17 45 52 34 22 12 10 12 25 31 35 30 23 20 21 40 30 46 46 38 41 40 44 45 43 42 41 44 51 48 52 50 48 47 46 51 52 53 53 54 54 55 54 54 54 53 51 48 37 41 41 37 41 31 35 38 40 38 43 48 48 44 49 45
-24 -10 2 5 -27 -22 -18 -36 -34 -30 -30 -18 3 10 34 51 50 31 10 18 25 35 30 11 26 29 19 9 20 13 10 21 32 26 27 21 30 21 17 17 22 17 23 15 13 20 26 35 23 33 27 22 27 38 42 46 49 48 50 49 49 48 46 46 46 47 45 37 37 34 37 37 33 29 28 33 29 40 47 42 39 42 44
8 18 43 6 -4 -9 0 7 17 -23 -7 -14 27 48 30 29 53 37 16 1 20 6 3 13 13 29 41 37 29 24 21 13 20 33 15 19 26 11 14 24 31 27 33 31 31 24 22 20 20 27 21 22 28 36 35 37 32 38 35 36 30 35 31 25 39 38 28 37 30 29 28 28 26 31 35 39 39 45 39 41 43 46 42
23 49 30 4 -2 29 39 35 43 26 39 10 -11 12 6 15 33 15 -4 -12 -29 -22 0 21 10 14 23 30 52 47 44 42 40 24 26 26 17 17 19 21 18 15 23 25 42 28 30 32 30 33 37 40 35 35 31 29 21 19 27 23 23 28 19 23 31 28 32 26 29 32 31 34 37 31 29 27 36 37 33 36 41 39 39
22 44 26 14 11 9 32 41 42 38 51 33 2 -18 -14 11 5 -1 -19 -29 -40 -6 23 27 40 33 26 36 45 16 19 40 53 32 29 32 20 13 18 19 27 39 43 42 36 19 23 27 22 23 25 27 25 38 32 40 41 38 36 39 24 34 27 34 38 37 34 35 33 33 41 43 39 27 31 34 31 26 29 33 36 37 41
23 43 40 34 15 39 47 38 54 47 31 27 15 7 30 31 44 24 20 11 0 3 15 33 29 31 46 49 50 28 11 16 29 39 48 34 32 40 30 32 47 52 55 55 48 46 44 31 34 26 33 28 22 33 24 27 24 22 23 40 46 47 38 43 47 42 42 43 46 47 43 45 48 47 45 44 43 36 36 29 32 34 39
37 24 -9999 -9999 56 56 57 57 56 56 51 32 20 23 27 40 42 34 22 14 7 -5 -18 -7 18 28 28 14 37 51 51 35 41 41 45 50 51 52 48 46 56 55 56 -9999 -9999 -9999 56 56 54 55 52 45 47 43 40 27 30 36 33 40 48 55 55 55 55 52 52 51 35 25 29 29 31 38 39 41 50 47 37 38 34 35 38
56 -9999 56 55 53 50 56 45 37 50 44 46 52 56 56 54 31 21 21 1 -8 -18 -4 5 28 11 1 18 21 20 30 43 51 43 41 47 -9999 -9999 -9999 -9999 -9999 56 56 56 55 55 55 53 51 52 53 55 57 57 57 57 55 51 51 57 57 57 57 57 57 57 57 56 54 46 36 34 33 34 38 38 47 50 41 35 33 30 34
51 55 56 52 45 35 48 55 44 38 31 33 37 53 32 37 32 38 46 43 44 39 41 27 38 25 28 16 29 44 39 55 54 54 55 52 49 45 52 54 51 48 46 48 44 42 46 43 43 44 45 42 45 37 39 49 50 55 54 52 52 52 54 54 54 53 50 55 57 -9999 -9999 -9999 -9999 44 43 42 48 49 51 50 42 42 34
51 46 50 41 40 42 43 43 45 41 33 32 33 44 31 35 38 40 46 27 45 54 56 55 55 53 50 46 47 52 47 42 38 28 39 32 18 15 37 42 50 39 39 42 46 35 35 30 31 38 45 28 29 33 23 28 29 30 35 26 29 32 30 38 48 47 34 31 43 55 -9999 53 52 -9999 -9999 -9999 -9999 -9999 54 53 52 43 41
50 50 50 42 35 36 33 25 37 43 45 28 42 48 50 55 51 48 37 38 48 38 35 37 54 30 30 29 37 39 30 39 23 28 33 16 13 28 41 19 31 45 53 52 55 41 29 24 30 35 45 37 30 26 26 28 29 22 30 24 34 37 29 29 42 52 49 36 34 42 55 55 48 47 53 48 54 -9999 -9999 -9999 55 53 46
53 49 52 53 50 55 54 42 51 48 43 50 36 37 46 48 48 41 29 29 42 37 35 47 53 46 36 29 27 34 30 29 29 25 30 28 19 16 31 27 29 42 -9999 55 56 51 40 37 35 32 47 45 36 29 28 38 41 39 39 27 40 32 45 34 41 54 54 44 37 40 49 56 56 49 53 52 54 55 -9999 -9999 -9999 -9999 -9999
55 55 51 40 31 44 23 24 37 41 31 41 39 38 36 32 37 33 35 39 34 31 37 39 36 45 54 55 37 32 31 26 34 33 35 41 32 39 43 -9999 -9999 55 -9999 -9999 55 42 35 38 43 41 51 48 41 27 27 37 44 50 51 40 43 46 49 48 51 55 53 45 39 43 47 54 -9999 -9999 -9999 55 55 55 -9999 -9999 -9999 -9999 -9999
49 51 36 29 19 24 21 8 6 6 22 34 42 27 31 29 28 38 34 48 36 29 38 42 31 40 29 32 45 55 54 41 37 28 38 46 55 53 51 -9999 55 54 52 -9999 55 50 38 37 50 38 43 54 36 32 40 41 40 48 53 53 51 51 53 54 54 55 52 51 52 51 52 54 -9999 -9999 -9999 -9999 -9999 -9999 -9999 -9999 -9999 -9999 -9999
53 -9999 47 45 46 39 27 21 18 8 30 44 38 39 37 46 42 45 51 52 37 33 50 33 35 30 26 32 40 50 49 50 40 36 45 48 45 40 32 49 54 47 35 34 -9999 55 47 46 52 47 47 54 50 40 47 49 48 51 53 53 54 55 56 56 54 51 45 42 44 49 52 54 -9999 -9999 -9999 -9999 -9999 -9999 -9999 -9999 -9999 54 53
54 54 54 54 52 40 40 31 35 33 34 44 46 36 32 41 41 40 40 52 44 35 44 42 31 37 51 46 52 47 36 31 38 20 28 31 34 19 36 36 43 52 55 55 -9999 55 50 42 48 54 53 56 55 55 56 55 53 54 57 -9999 -9999 57 53 48 51 51 48 40 47 52 54 -9999 56 52 53 53 54 55 -9999 -9999 -9999 51 46
54 54 54 54 45 37 53 50 47 46 32 18 24 40 47 52 44 47 48 48 -9999 54 -9999 54 43 44 53 50 49 42 43 45 46 50 41 29 46 37 31 32 39 43 44 48 48 -9999 -9999 -9999 -9999 56 -9999 -9999 55 54 55 57 56 56 -9999 -9999 -9999 57 46 41 52 55 53 54 55 -9999 -9999 55 53 45 42 51 54 55 -9999 -9999 54 53 50
53 52 54 54 54 54 54 52 47 39 37 39 35 35 37 50 48 48 54 54 53 54 -9999 -9999 52 40 43 49 48 41 35 40 34 41 52 43 31 46 53 50 53 -9999 -9999 -9999 -9999 -9999 -9999 -9999 -9999 -9999 -9999 -9999 -9999 -9999 -9999 -9999 -9999 -9999 -9999 -9999 -9999 -9999 -9999 49 54 55 55 56 -9999 -9999 -9999 55 48 41 47 49 54 55 54 -9999 -9999 -9999 -9999
46 47 51 54 -9999 54 53 51 52 50 43 44 46 36 43 39 40 45 52 -9999 50 51 50 -9999 -9999 53 54 52 45 37 47 46 41 42 47 42 47 46 48 49 42 46 -9999 -9999 -9999 -9999 -9999 -9999 -9999 -9999 -9999 -9999 -9999 -9999 -9999 -9999 -9999 -9999 -9999 -9999 -9999 -9999 -9999 -9999 -9999 -9999 -9999 -9999 -9999 -9999 -9999 -9999 53 50 52 53 -9999 -9999 -9999 -9999 -9999 -9999 -9999
-9999 -9999 -9999 -9999 -9999 -9999 44 41 47 51 51 46 47 50 49 40 38 40 45 52 -9999 54 45 50 53 54 53 48 45 40 50 43 36 32 46 35 37 31 29 45 48 51 53 53 53 48 55 55 -9999 -9999 -9999 -9999 -9999 -9999 -9999 -9999 -9999 -9999 -9999 -9999 -9999 -9999 -9999 -9999 -9999 -9999 -9999 -9999 -9999 -9999 -9999 -9999 -9999 -9999 -9999 -9999 -9999 -9999 -9999 -9999 -9999 -9999 -9999
-9999 -9999 -9999 -9999 -9999 -9999 53 -9999 -9999 -9999 52 48 48 53 43 43 43 47 40 52 53 53 -9999 52 53 54 52 43 42 38 44 45 38 44 46 52 51 43 35 47 47 51 49 45 50 47 -9999 -9999 -9999 -9999 -9999 -9999 -9999 -9999 -9999 -9999 -9999 -9999 -9999 -9999 -9999 -9999 -9999 -9999 -9999 -9999 -9999 -9999 -9999 -9999 -9999 -9999 -9999 -9999 -9999 -9999 -9999 -9999 -9999 -9999 -9999 -9999 -9999
-9999 -9999 -9999 -9999 -9999 -9999 -9999 -9999 -9999 53 47 51 46 53 53 51 45 49 35 50 51 46 -9999 -9999 -9999 53 53 50 46 44 40 53 50 49 51 -9999 54 51 48 49 54 52 42 48 50 51 50 50 55 -9999 -9999 -9999 -9999 -9999 -9999 -9999 -9999 55 -9999 -9999 -9999 -9999 -9999 -9999 -9999 -9999 -9999 -9999 -9999 -9999 -9999 -9999 -9999 -9999 -9999 -9999 -9999 -9999 -9999 -9999 -9999 -9999 -9999
-9999 -9999 -9999 -9999 -9999 -9999 -9999 -9999 -9999 -9999 -9999 -9999 -9999 -9999 53 53 48 53 42 53 53 51 -9999 -9999 -9999 53 53 53 49 53 53 52 52 51 53 52 -9999 54 54 54 -9999 53 51 48 46 47 51 54 54 -9999 -9999 -9999 -9999 -9999 -9999 -9999 49 53 55 -9999 -9999 -9999 -9999 -9999 -9999 -9999 -9999 -9999 -9999 -9999 -9999 -9999 -9999 -9999 -9999 -9999 -9999 -9999 -9999 -9999 -9999 -9999 -9999
-9999 -9999 -9999 -9999 -9999 -9999 -9999 -9999 -9999 -9999 -9999 -9999 -9999 -9999 -9999 -9999 -9999 -9999 -9999 53 53 53 53 53 -9999 -9999 53 53 48 -9999 53 53 49 49 53 53 54 -9999 54 -9999 -9999 54 54 51 48 43 43 46 52 53 -9999 -9999 -9999 -9999 -9999 -9999 53 53 55 55 -9999 -9999 52 50 55 -9999 -9999 -9999 -9999 -9999 -9999 -9999 -9999 -9999 -9999 -9999 -9999 -9999 -9999 -9999 -9999 -9999 -9999
-9999 -9999 -9999 -9999 -9999 -9999 -9999 -9999 -9999 -9999 -9999 -9999 -9999 -9999 -9999 -9999 -9999 -9999 -9999 53 53 -9999 52 52 52 52 -9999 -9999 -9999 -9999 -9999 -9999 53 53 -9999 -9999 53 -9999 -9999 -9999 -9999 -9999 50 45 49 51 48 39 45 52 -9999 -9999 -9999 -9999 -9999 51 52 54 54 54 55 55 48 48 54 54 54 -9999 -9999 -9999 -9999 -9999 -9999 -9999 -9999 -9999 -9999 -9999 53 -9999 -9999 -9999 -9999
-9999 -9999 -9999 -9999 -9999 -9999 -9999 -9999 -9999 -9999 -9999 -9999 -9999 -9999 -9999 -9999 -9999 -9999 -9999 -9999 -9999 -9999 -9999 -9999 -9999 -9999 -9999 -9999 -9999 -9999 -9999 -9999 -9999 -9999 -9999 -9999 -9999 -9999 -9999 -9999 -9999 -9999 -9999 -9999 -9999 53 50 41 49 50 -9999 -9999 -9999 -9999 -9999 -9999 52 47 48 53 51 54 51 40 50 54 -9999 -9999 -9999 -9999 -9999 -9999 -9999 -9999 -9999 -9999 -9999 -9999 -9999 -9999 -9999 -9999 -9999
-9999 -9999 -9999 -9999 -9999 -9999 -9999 -9999 -9999 -9999 -9999 -9999 -9999 -9999 -9999 -9999 -9999 -9999 -9999 -9999 -9999 -9999 -9999 -9999 -9999 -9999 -9999 -9999 -9999 -9999 -9999 -9999 -9999 -9999 -9999 -9999 -9999 -9999 -9999 -9999 -9999 -9999 -9999 -9999 -9999 -9999 50 43 49 53 -9999 -9999 -9999 -9999 -9999 -9999 -9999 49 50 54 46 46 49 50 54 51 54 -9999 -9999 -9999 -9999 -9999 -9999 -9999 -9999 -9999 -9999 -9999 -9999 -9999 -9999 -9999 -9999
-9999 -9999 -9999 -9999 -9999 -9999 -9999 -9999 -9999 -9999 -9999 -9999 -9999 52 52 52 -9999 -9999 -9999 -9999 -9999 -9999 -9999 -9999 -9999 -9999 -9999 -9999 -9999 -9999 -9999 -9999 -9999 -9999 -9999 -9999 -9999 -9999 -9999 -9999 -9999 -9999 -9999 -9999 -9999 -9999 53 53 -9999 -9999 -9999 -9999 -9999 -9999 -9999 -9999 -9999 -9999 -9999 53 51 43 42 47 45 45 52 53 -9999 -9999 -9999 -9999 -9999 -9999 -9999 -9999 -9999 -9999 -9999 -9999 -9999 -9999 -9999
-9999 -9999 -9999 -9999 -9999 -9999 -9999 -9999 -9999 -9999 -9999 -9999 -9999 -9999 51 52 -9999 -9999 -9999 -9999 -9999 -9999 -9999 -9999 -9999 -9999 -9999 -9999 -9999 -9999 -9999 -9999 -9999 -9999 -9999 -9999 -9999 -9999 -9999 -9999 -9999 -9999 -9999 -9999 -9999 -9999 -9999 -9999 -9999 -9999 -9999 -9999 -9999 -9999 -9999 -9999 -9999 -9999 -9999 -9999 53 53 48 53 48 43 49 49 49 52 -9999 -9999 -9999 -9999 -9999 -9999 -9999 -9999 -9999 -9999 -9999 -9999 -9999
