phyloclim/inst/extdata/bio12.asc
NCOLS 396 
NROWS 264 
XLLCORNER -73.5000000000025 
YLLCORNER -56.0000000000011 
CELLSIZE 0.041666666666667 
NODATA_value -9999 
[rows 72 to 107 of 264, columns 81 to 161 of 396]
171 172 172 178 179 180 181 183 182 183 184 185 185 188 190 191 192 193 196 198 199 201 200 202 206 205 208 209 211 212 212 210 213 216 217 217 217 218 217 219 221 221 221 221 221 221 223 223 224 223 224 224 224 224 225 224 223 223 223 223 223 223 225 223 223 223 223 222 221 221 221 220 220 220 221 221 221 221 219 220 220
171 171 174 176 178 180 181 182 182 182 183 184 184 185 188 189 191 194 194 198 198 199 203 204 202 205 207 209 210 212 212 211 216 215 216 217 218 217 218 218 221 220 220 221 222 224 224 223 223 222 224 224 224 224 223 223 224 223 223 223 223 223 223 224 223 223 222 222 222 222 223 222 220 221 221 221 221 221 221 220 222
172 172 174 175 177 178 179 181 182 183 182 183 183 184 186 188 188 193 194 194 197 198 202 204 205 205 208 207 208 209 209 212 215 216 219 219 219 219 219 220 221 220 219 222 223 225 224 223 222 223 223 224 223 223 223 223 224 224 224 224 223 223 223 224 223 223 224 223 223 223 223 223 222 222 222 223 223 223 223 223 223
174 174 172 172 174 179 179 178 180 182 182 181 182 184 186 190 189 190 192 193 194 199 199 201 204 205 206 208 209 210 210 210 214 215 217 218 218 218 220 220 218 218 220 222 222 224 225 223 223 222 222 223 223 224 223 224 224 224 224 224 223 223 224 224 224 224 223 224 223 223 224 224 224 224 224 223 223 223 223 225 225
174 175 172 171 172 176 178 179 179 179 180 181 183 184 187 186 189 189 191 192 193 194 197 198 203 203 203 207 208 208 210 210 214 215 216 217 217 219 219 219 219 219 221 221 222 223 223 223 224 223 224 224 224 225 224 224 224 224 225 224 225 225 224 224 225 227 226 226 225 225 225 225 225 225 225 226 225 224 226 225 224
168 171 173 175 175 175 175 177 178 179 178 179 180 184 185 187 189 189 189 190 192 196 197 197 197 198 199 203 206 205 209 211 211 214 215 215 215 218 217 217 219 220 222 222 223 223 222 223 222 224 225 225 226 227 225 225 225 224 225 225 226 224 225 226 227 227 226 226 225 225 227 227 227 226 226 226 226 228 228 226 225
168 171 171 173 175 175 175 174 177 178 179 179 180 183 184 186 188 188 189 193 193 194 196 197 197 197 198 202 205 206 209 209 209 212 213 214 215 215 218 218 218 219 219 222 223 222 224 225 224 224 225 225 226 226 227 226 227 226 226 226 227 226 226 226 227 227 227 226 226 227 227 227 227 227 226 226 227 228 228 226 226
168 168 172 173 174 174 175 175 175 177 178 178 180 182 182 185 187 191 192 193 193 197 197 198 198 201 201 203 204 206 207 209 209 210 213 213 214 216 217 218 218 218 220 220 221 223 224 224 224 225 225 225 225 226 227 227 227 227 229 229 229 228 226 226 227 228 227 227 227 227 227 226 227 227 226 226 227 228 229 228 227
165 164 167 173 174 173 174 173 176 176 178 178 180 182 182 182 184 187 190 194 194 195 197 198 200 201 201 202 204 206 206 208 211 211 212 213 214 217 217 218 218 218 218 220 221 222 224 225 224 225 225 225 225 225 227 227 229 228 228 229 228 228 228 228 229 230 229 229 228 227 227 227 227 227 227 227 227 229 229 228 228
165 164 164 167 171 173 173 174 174 174 178 178 179 179 181 182 184 185 187 193 193 194 195 198 198 200 201 202 205 205 206 209 211 211 213 214 215 215 217 217 218 218 219 219 221 223 224 224 224 224 225 225 225 225 227 229 230 228 228 228 229 229 229 229 230 231 231 232 231 229 229 229 227 227 228 228 228 229 229 228 228
163 164 165 169 170 170 174 173 175 175 177 178 178 180 182 182 182 185 185 190 192 193 192 197 199 201 203 203 207 207 208 209 209 210 214 215 215 216 217 217 218 220 219 220 222 224 224 224 223 224 224 226 226 226 228 230 229 228 228 229 229 229 230 230 230 231 231 232 230 230 231 230 230 229 229 228 229 230 230 229 228
163 164 164 172 171 172 173 171 173 176 179 177 177 178 181 182 185 186 188 189 190 191 191 196 198 201 203 206 207 207 208 209 210 210 213 215 216 216 216 218 219 219 220 221 222 224 224 224 223 224 225 226 227 228 230 229 228 228 230 230 231 230 230 230 230 231 231 232 232 231 232 230 230 230 229 229 229 230 230 230 230
162 163 166 171 171 171 173 173 174 176 178 179 178 179 180 180 182 186 188 188 192 193 193 194 198 201 203 204 205 206 207 206 210 212 212 213 216 216 216 216 219 220 220 221 222 223 224 225 224 224 225 227 228 230 228 229 229 229 229 231 231 231 231 231 231 233 233 233 233 233 233 231 230 229 229 229 230 231 231 231 230
162 163 163 166 164 168 172 172 174 176 177 177 179 178 180 181 181 184 186 188 191 192 192 194 197 200 202 203 205 206 208 209 211 211 212 212 215 215 216 216 217 220 220 221 222 223 225 225 225 225 226 227 229 229 229 229 229 229 229 230 231 231 231 231 231 233 233 233 233 233 232 232 230 229 229 230 231 232 232 231 -9999
161 162 164 166 165 166 167 171 173 173 176 176 177 177 179 181 181 183 187 189 190 192 194 194 198 200 202 202 204 204 206 207 209 210 210 211 211 215 215 216 217 220 220 223 223 223 225 226 225 226 225 225 227 230 230 229 229 229 229 232 232 232 232 233 233 233 234 234 234 234 233 233 231 230 230 230 231 232 -9999 -9999 -9999
162 163 165 167 173 168 167 168 172 173 174 176 176 177 179 180 181 182 185 188 190 192 193 193 197 199 200 202 202 203 204 205 206 210 210 210 211 214 214 215 215 217 220 222 222 222 224 225 225 225 225 226 229 230 229 230 230 230 231 232 232 233 233 233 233 233 234 234 234 234 234 234 233 232 231 -9999 -9999 -9999 -9999 -9999 -9999
163 163 166 166 169 168 168 172 174 174 175 175 175 179 180 180 181 183 186 189 190 190 193 196 196 198 200 199 200 202 203 206 206 207 209 209 210 212 215 215 216 216 220 222 222 223 223 225 225 226 226 227 229 230 230 230 231 231 232 233 233 233 233 233 233 233 234 234 234 234 235 233 233 -9999 -9999 -9999 -9999 -9999 -9999 -9999 -9999
164 163 164 163 167 170 169 172 174 174 174 175 176 177 178 179 181 182 185 187 190 191 192 195 196 196 196 199 199 201 202 205 205 206 208 209 211 212 213 215 215 216 219 222 223 223 225 226 226 227 226 229 231 230 231 232 233 233 233 234 234 233 233 233 234 234 235 236 235 235 234 233 -9999 233 -9999 -9999 -9999 -9999 -9999 -9999 -9999
164 167 170 168 170 168 170 172 173 174 174 177 177 178 176 181 181 184 185 186 189 189 190 193 194 196 196 197 199 199 203 204 204 205 207 209 210 213 213 214 215 216 216 220 223 223 223 223 227 227 230 230 230 231 232 233 234 235 235 235 235 236 235 235 235 235 236 236 236 235 234 -9999 -9999 -9999 -9999 -9999 -9999 -9999 -9999 -9999 -9999
168 165 162 162 165 167 170 171 172 173 174 177 177 177 178 180 181 184 184 185 187 188 189 191 191 194 196 197 198 199 202 203 204 204 204 207 211 213 213 214 215 216 217 219 222 224 224 224 227 229 230 230 230 231 232 234 235 237 236 236 237 237 237 237 236 237 236 237 237 237 -9999 -9999 -9999 -9999 -9999 -9999 -9999 -9999 -9999 -9999 -9999
159 158 161 161 164 163 166 168 169 170 173 175 177 177 178 179 181 183 185 185 186 187 189 190 192 193 193 195 197 198 201 202 203 204 204 208 210 211 212 212 214 216 217 218 221 224 224 226 228 229 230 230 230 231 235 236 237 237 237 238 236 237 237 237 237 237 237 237 236 -9999 -9999 -9999 -9999 -9999 -9999 -9999 -9999 -9999 -9999 -9999 -9999
164 161 161 161 163 164 167 167 168 170 171 173 174 174 178 178 179 180 183 185 185 187 188 190 191 191 193 193 196 196 199 202 202 205 205 207 209 211 212 212 213 216 217 218 220 223 225 227 228 229 230 230 232 233 236 236 236 237 238 238 238 238 238 238 238 238 -9999 -9999 -9999 -9999 -9999 -9999 -9999 -9999 -9999 -9999 -9999 -9999 -9999 -9999 -9999
161 161 160 162 164 164 165 167 167 167 167 171 174 174 176 177 178 179 182 184 186 187 188 189 191 191 192 193 195 198 199 201 201 202 205 207 208 210 211 212 212 215 217 217 221 222 226 227 227 228 230 232 232 233 236 236 236 238 238 239 239 239 239 239 239 -9999 -9999 -9999 -9999 -9999 -9999 -9999 -9999 -9999 -9999 -9999 -9999 -9999 -9999 -9999 -9999
155 159 160 162 164 163 164 167 167 167 167 167 171 174 176 177 177 180 183 183 183 187 188 189 190 191 191 192 192 197 198 199 201 202 202 206 208 208 210 212 214 216 216 217 219 223 225 227 227 228 232 232 233 233 236 237 239 241 242 243 243 241 241 240 -9999 -9999 -9999 -9999 -9999 -9999 -9999 -9999 -9999 -9999 -9999 -9999 -9999 -9999 -9999 -9999 -9999
160 158 158 160 162 163 163 165 166 167 167 168 170 172 175 175 177 177 181 182 183 183 187 188 190 190 191 191 192 195 197 199 201 202 202 205 207 207 208 210 215 215 216 217 220 223 225 227 228 230 232 233 233 235 236 238 240 242 243 243 243 243 242 -9999 -9999 -9999 -9999 -9999 -9999 -9999 -9999 -9999 -9999 -9999 -9999 -9999 -9999 -9999 -9999 -9999 -9999
164 163 160 160 160 164 165 166 167 166 168 168 168 171 174 175 177 177 179 181 181 182 185 187 189 190 190 191 191 195 196 198 200 201 203 204 207 207 207 209 214 214 216 217 219 221 225 227 229 229 232 232 233 236 238 240 241 243 243 243 243 243 -9999 -9999 -9999 -9999 -9999 -9999 -9999 -9999 -9999 -9999 -9999 -9999 -9999 -9999 -9999 -9999 -9999 -9999 -9999
165 163 158 160 160 165 166 168 167 166 166 167 168 171 173 174 175 177 178 178 180 181 184 185 187 190 190 190 195 195 196 198 200 201 202 204 204 207 207 208 214 214 215 216 220 220 223 227 229 229 232 232 235 238 241 241 241 243 243 243 243 -9999 -9999 -9999 -9999 -9999 -9999 -9999 -9999 -9999 -9999 -9999 -9999 -9999 -9999 -9999 -9999 -9999 -9999 -9999 -9999
163 164 164 163 160 164 168 168 168 168 166 165 166 169 173 173 174 175 175 178 178 179 182 184 186 187 189 190 193 195 196 196 197 198 202 204 204 206 207 209 211 214 214 215 218 222 225 227 228 231 233 235 236 239 241 241 242 244 244 244 244 -9999 -9999 -9999 -9999 -9999 -9999 -9999 -9999 -9999 -9999 -9999 -9999 -9999 -9999 -9999 -9999 -9999 -9999 -9999 -9999
163 163 163 164 162 163 164 165 163 165 165 166 168 167 170 173 174 174 175 177 178 179 180 183 185 187 187 188 192 193 195 196 196 198 200 203 204 205 207 209 211 212 214 217 218 222 224 225 228 229 230 233 235 238 242 243 244 245 244 244 245 -9999 -9999 -9999 -9999 -9999 -9999 -9999 -9999 -9999 -9999 -9999 -9999 -9999 -9999 -9999 -9999 -9999 -9999 -9999 -9999
160 161 161 163 164 165 164 164 167 167 168 169 169 169 168 171 173 174 174 176 178 179 179 181 184 187 187 187 190 192 194 195 196 197 200 203 203 206 207 209 211 213 216 217 218 221 221 224 226 228 229 232 235 236 236 242 243 244 245 245 244 -9999 -9999 -9999 -9999 -9999 -9999 -9999 -9999 -9999 -9999 -9999 -9999 -9999 -9999 -9999 -9999 -9999 -9999 -9999 -9999
158 160 160 161 161 162 165 166 166 165 165 168 170 170 170 172 173 173 174 175 177 179 179 181 181 185 186 187 188 190 193 193 196 198 200 201 202 204 206 207 209 210 212 215 216 218 221 224 224 228 229 231 233 240 242 243 245 245 244 244 244 -9999 -9999 -9999 -9999 -9999 -9999 -9999 -9999 -9999 -9999 -9999 -9999 -9999 -9999 -9999 -9999 -9999 -9999 -9999 -9999
156 157 159 160 160 160 162 163 166 168 166 167 170 170 170 171 173 176 176 178 176 179 179 179 181 184 186 186 189 189 191 193 193 196 199 200 201 204 207 207 208 211 212 214 217 218 219 221 224 224 229 232 235 238 242 244 245 243 244 244 243 -9999 -9999 -9999 -9999 -9999 -9999 -9999 -9999 -9999 -9999 -9999 -9999 -9999 -9999 -9999 -9999 -9999 -9999 -9999 -9999
154 155 156 157 159 159 159 160 164 164 168 168 168 170 170 171 173 173 177 178 179 180 181 181 183 183 185 187 188 189 190 192 193 194 198 199 201 202 206 207 207 210 212 212 217 219 223 224 226 229 230 232 235 236 240 241 241 241 242 242 243 -9999 -9999 -9999 -9999 -9999 -9999 -9999 -9999 -9999 -9999 -9999 -9999 -9999 -9999 -9999 -9999 -9999 -9999 -9999 -9999
154 155 155 158 158 159 159 160 162 163 164 168 169 168 169 171 172 173 174 177 180 180 181 183 184 184 185 187 189 189 190 192 192 194 196 199 200 201 205 205 207 212 213 213 216 219 220 222 228 230 231 232 235 235 239 239 241 242 242 241 -9999 -9999 -9999 -9999 -9999 -9999 -9999 -9999 -9999 -9999 -9999 -9999 -9999 -9999 -9999 -9999 -9999 -9999 -9999 -9999 -9999
154 154 155 155 158 159 159 160 161 163 164 164 168 168 169 171 171 172 173 174 177 179 181 181 183 185 186 188 189 190 191 193 194 195 199 200 200 202 205 206 208 211 211 213 215 217 219 221 224 229 230 231 234 235 235 235 237 238 239 239 -9999 -9999 -9999 -9999 -9999 -9999 -9999 -9999 -9999 -9999 -9999 -9999 -9999 -9999 -9999 -9999 -9999 -9999 -9999 -9999 -9999
154 154 155 155 156 158 159 161 162 163 164 164 166 166 170 170 171 172 172 173 175 178 178 180 180 181 186 188 188 189 192 192 194 195 196 199 202 204 205 207 208 211 213 213 215 216 217 221 223 223 226 229 231 232 235 235 236 237 238 238 -9999 -9999 -9999 -9999 -9999 -9999 -9999 -9999 -9999 -9999 -9999 -9999 -9999 -9999 -9999 -9999 -9999 -9999 -9999 -9999 -9999
