phyloclim/inst/extdata/bio1.asc
NCOLS 396 
NROWS 264 
XLLCORNER -73.5000000000025 
YLLCORNER -56.0000000000011 
CELLSIZE 0.041666666666667 
NODATA_value -9999 
[rows 185 to 221 of 264, columns 83 to 165 of 396]
-9999 -9999 -9999 -9999 -9999 -9999 -9999 -9999 66 65 65 65 65 65 65 65 65 65 66 66 66 65 65 64 64 65 63 64 62 62 62 62 64 64 66 67 66 -9999 -9999 -9999 -9999 -9999 -9999 -9999 -9999 -9999 -9999 -9999 -9999 -9999 -9999 -9999 -9999 -9999 -9999 -9999 -9999 -9999 -9999 -9999 -9999 -9999 -9999 -9999 -9999 -9999 -9999 -9999 -9999 -9999 -9999 -9999 -9999 -9999 -9999 -9999 -9999 -9999 -9999 -9999 -9999 -9999 -9999
-9999 -9999 -9999 -9999 66 66 66 66 65 65 64 64 64 64 64 64 64 65 64 64 64 63 62 62 61 60 60 61 61 62 62 62 63 63 64 65 66 67 -9999 -9999 -9999 -9999 -9999 -9999 -9999 -9999 -9999 -9999 -9999 -9999 -9999 -9999 -9999 -9999 -9999 -9999 -9999 -9999 -9999 -9999 -9999 -9999 -9999 -9999 -9999 -9999 -9999 -9999 -9999 -9999 -9999 -9999 -9999 -9999 -9999 -9999 -9999 -9999 -9999 -9999 -9999 -9999 -9999
65 -9999 -9999 66 66 65 64 64 64 64 64 64 64 63 63 63 63 63 63 62 61 61 59 57 58 59 59 60 60 61 62 63 64 64 65 65 65 67 67 -9999 -9999 -9999 -9999 -9999 -9999 -9999 -9999 -9999 -9999 -9999 -9999 -9999 -9999 -9999 -9999 -9999 -9999 -9999 -9999 -9999 -9999 -9999 -9999 -9999 -9999 -9999 -9999 -9999 -9999 -9999 -9999 -9999 -9999 -9999 -9999 -9999 -9999 -9999 -9999 -9999 -9999 -9999 -9999
65 65 66 65 64 64 64 63 63 63 63 62 61 61 61 61 60 60 59 58 56 58 58 58 58 58 58 59 60 61 61 62 63 65 66 66 65 66 67 69 -9999 -9999 -9999 -9999 -9999 -9999 -9999 -9999 -9999 -9999 -9999 -9999 -9999 -9999 -9999 -9999 -9999 -9999 -9999 -9999 -9999 -9999 -9999 -9999 -9999 -9999 -9999 -9999 -9999 -9999 -9999 -9999 -9999 -9999 -9999 -9999 -9999 -9999 -9999 -9999 -9999 -9999 -9999
64 65 65 64 64 63 63 63 62 61 60 58 58 58 58 57 58 55 53 54 55 55 56 57 57 57 58 59 59 60 61 62 63 64 64 63 66 67 67 68 68 68 -9999 -9999 -9999 -9999 -9999 -9999 -9999 -9999 -9999 -9999 -9999 -9999 -9999 -9999 -9999 -9999 -9999 -9999 -9999 -9999 -9999 -9999 -9999 -9999 -9999 -9999 -9999 -9999 -9999 -9999 -9999 -9999 -9999 -9999 -9999 -9999 -9999 -9999 -9999 -9999 -9999
64 64 63 62 62 62 61 61 59 58 56 56 55 53 55 53 54 58 56 54 54 54 55 56 57 58 59 59 60 61 60 61 62 63 61 62 64 66 66 67 66 67 67 -9999 -9999 -9999 -9999 -9999 -9999 -9999 -9999 -9999 -9999 -9999 -9999 -9999 -9999 -9999 -9999 -9999 -9999 -9999 -9999 -9999 -9999 -9999 -9999 -9999 -9999 -9999 -9999 -9999 -9999 -9999 -9999 -9999 -9999 -9999 -9999 -9999 -9999 -9999 -9999
63 62 61 61 60 60 59 58 56 56 54 51 50 51 55 55 57 57 54 57 56 56 55 56 57 59 59 59 60 60 60 61 61 61 61 63 64 64 64 66 66 66 67 -9999 -9999 -9999 -9999 -9999 -9999 -9999 -9999 -9999 -9999 -9999 -9999 -9999 -9999 -9999 -9999 -9999 -9999 -9999 -9999 -9999 -9999 -9999 -9999 -9999 -9999 -9999 -9999 -9999 -9999 -9999 -9999 -9999 -9999 -9999 -9999 -9999 -9999 -9999 -9999
61 60 59 58 58 58 56 55 54 52 50 51 50 51 56 53 56 54 54 56 55 56 55 56 58 59 60 61 61 62 62 59 59 62 61 62 64 65 66 67 67 67 66 66 -9999 -9999 -9999 -9999 -9999 -9999 -9999 -9999 -9999 -9999 -9999 -9999 -9999 -9999 -9999 -9999 -9999 -9999 -9999 -9999 -9999 -9999 -9999 -9999 -9999 -9999 -9999 -9999 -9999 -9999 -9999 -9999 -9999 -9999 -9999 -9999 -9999 -9999 -9999
58 57 56 56 55 54 54 52 50 48 49 49 50 52 54 54 55 53 53 55 54 56 57 59 61 62 63 64 65 64 64 64 65 66 66 67 67 67 67 67 -9999 -9999 66 66 -9999 -9999 -9999 -9999 -9999 -9999 -9999 -9999 -9999 -9999 -9999 -9999 -9999 -9999 -9999 -9999 -9999 -9999 -9999 -9999 -9999 -9999 -9999 -9999 -9999 -9999 -9999 -9999 -9999 -9999 -9999 -9999 -9999 -9999 -9999 -9999 -9999 -9999 -9999
55 53 53 54 51 49 51 49 49 48 48 50 51 51 53 52 55 55 55 58 60 60 62 63 64 64 65 66 66 66 66 66 66 67 66 66 66 66 66 -9999 -9999 -9999 -9999 66 -9999 -9999 -9999 -9999 -9999 -9999 -9999 -9999 -9999 -9999 -9999 -9999 -9999 -9999 -9999 -9999 -9999 -9999 -9999 -9999 -9999 -9999 -9999 -9999 -9999 -9999 -9999 -9999 -9999 -9999 -9999 -9999 -9999 -9999 -9999 -9999 -9999 -9999 -9999
52 52 53 47 45 48 50 47 48 47 48 50 50 52 54 56 57 58 59 60 63 63 64 64 64 65 65 65 65 65 66 66 66 65 66 66 66 -9999 -9999 -9999 -9999 -9999 -9999 65 65 -9999 -9999 -9999 -9999 -9999 -9999 -9999 -9999 -9999 -9999 -9999 -9999 -9999 -9999 -9999 -9999 -9999 -9999 -9999 -9999 -9999 -9999 -9999 -9999 -9999 -9999 -9999 -9999 -9999 -9999 -9999 -9999 -9999 -9999 -9999 -9999 -9999 -9999
50 48 53 46 46 47 46 48 47 47 49 51 53 55 57 58 58 60 61 62 63 64 64 63 63 63 64 64 64 65 65 65 65 65 66 65 -9999 -9999 -9999 -9999 -9999 -9999 -9999 -9999 -9999 -9999 -9999 -9999 -9999 -9999 -9999 -9999 -9999 -9999 -9999 -9999 -9999 -9999 -9999 -9999 -9999 -9999 -9999 -9999 -9999 -9999 -9999 -9999 -9999 -9999 -9999 -9999 -9999 -9999 -9999 -9999 -9999 -9999 -9999 -9999 -9999 -9999 -9999
46 44 50 51 46 44 45 46 47 49 52 54 56 58 59 60 61 62 62 63 63 63 63 63 63 63 64 64 65 65 65 65 65 65 65 65 65 -9999 -9999 -9999 -9999 -9999 -9999 -9999 -9999 -9999 -9999 -9999 -9999 -9999 -9999 -9999 -9999 -9999 -9999 -9999 -9999 -9999 -9999 -9999 -9999 -9999 -9999 -9999 -9999 -9999 -9999 -9999 -9999 -9999 -9999 -9999 -9999 -9999 -9999 -9999 -9999 -9999 -9999 -9999 -9999 -9999 -9999
39 42 46 49 45 45 43 48 51 54 56 58 59 60 61 61 62 62 63 63 63 63 63 63 63 64 63 63 63 63 64 64 64 64 64 65 64 64 -9999 -9999 -9999 -9999 -9999 -9999 -9999 -9999 -9999 -9999 -9999 -9999 -9999 -9999 -9999 -9999 -9999 -9999 -9999 -9999 -9999 -9999 -9999 -9999 -9999 -9999 -9999 -9999 -9999 -9999 -9999 -9999 -9999 -9999 -9999 -9999 -9999 -9999 -9999 -9999 -9999 -9999 -9999 -9999 -9999
45 46 48 49 46 48 53 56 58 59 60 60 61 62 62 62 63 63 63 63 63 63 63 63 62 62 62 61 61 62 63 63 64 64 63 61 61 60 60 60 61 63 62 62 62 62 -9999 -9999 -9999 -9999 -9999 -9999 -9999 -9999 -9999 -9999 -9999 -9999 -9999 -9999 -9999 -9999 -9999 -9999 -9999 -9999 -9999 -9999 -9999 -9999 -9999 -9999 -9999 -9999 -9999 -9999 -9999 -9999 -9999 -9999 -9999 -9999 -9999
41 43 51 54 57 59 60 60 61 61 62 63 63 63 63 63 64 63 63 63 63 63 62 61 61 61 61 60 61 61 61 60 59 56 55 53 56 58 58 58 59 60 60 61 61 61 61 -9999 -9999 -9999 -9999 -9999 -9999 -9999 -9999 -9999 -9999 -9999 -9999 -9999 -9999 -9999 -9999 -9999 -9999 -9999 -9999 -9999 -9999 -9999 -9999 -9999 -9999 -9999 -9999 -9999 -9999 -9999 -9999 -9999 -9999 -9999 -9999
57 58 59 62 -9999 -9999 -9999 -9999 -9999 -9999 -9999 -9999 -9999 -9999 -9999 -9999 64 64 63 63 63 62 61 60 59 59 58 56 55 53 52 53 53 55 55 57 58 59 59 59 59 60 60 60 60 61 61 61 -9999 -9999 -9999 -9999 -9999 -9999 -9999 -9999 -9999 -9999 -9999 -9999 -9999 -9999 -9999 -9999 -9999 -9999 -9999 -9999 -9999 -9999 -9999 -9999 -9999 -9999 -9999 -9999 -9999 -9999 -9999 -9999 -9999 -9999 -9999
63 -9999 -9999 -9999 -9999 -9999 -9999 -9999 -9999 -9999 -9999 -9999 -9999 -9999 -9999 -9999 -9999 63 63 62 62 61 60 58 56 53 50 49 48 48 51 54 54 53 55 58 59 59 59 59 59 59 59 60 61 61 61 61 -9999 -9999 -9999 -9999 -9999 -9999 -9999 -9999 -9999 -9999 -9999 -9999 -9999 -9999 -9999 -9999 -9999 -9999 -9999 -9999 -9999 -9999 -9999 -9999 -9999 -9999 -9999 -9999 -9999 -9999 -9999 -9999 -9999 -9999 -9999
-9999 -9999 -9999 -9999 -9999 -9999 -9999 -9999 -9999 -9999 -9999 -9999 -9999 -9999 -9999 -9999 63 63 61 61 59 58 55 54 50 49 46 48 47 48 51 53 55 56 57 58 58 58 59 59 60 59 59 59 59 60 60 60 -9999 -9999 -9999 -9999 -9999 -9999 -9999 -9999 -9999 -9999 -9999 -9999 -9999 -9999 -9999 -9999 -9999 -9999 -9999 -9999 -9999 -9999 -9999 -9999 -9999 -9999 -9999 -9999 -9999 -9999 -9999 -9999 -9999 -9999 -9999
-9999 -9999 -9999 -9999 -9999 -9999 -9999 -9999 -9999 -9999 -9999 -9999 -9999 -9999 63 63 61 59 58 55 53 51 49 48 49 50 50 49 49 48 50 52 54 56 56 57 58 58 58 58 58 58 59 59 59 59 60 60 59 -9999 -9999 -9999 -9999 -9999 -9999 -9999 -9999 -9999 -9999 -9999 -9999 -9999 -9999 -9999 -9999 -9999 -9999 -9999 -9999 -9999 -9999 -9999 -9999 -9999 -9999 -9999 -9999 -9999 -9999 -9999 -9999 -9999 -9999
-9999 -9999 -9999 -9999 -9999 -9999 -9999 -9999 -9999 -9999 -9999 63 63 62 60 58 57 54 52 50 47 46 46 47 48 47 47 48 52 52 51 53 53 51 54 55 55 56 57 58 59 59 59 59 59 59 59 59 59 59 -9999 -9999 -9999 -9999 -9999 -9999 -9999 -9999 -9999 -9999 -9999 -9999 -9999 -9999 -9999 -9999 -9999 -9999 -9999 -9999 -9999 -9999 -9999 -9999 -9999 -9999 -9999 -9999 -9999 -9999 -9999 -9999 -9999
-9999 -9999 -9999 -9999 -9999 -9999 -9999 -9999 -9999 63 62 61 59 56 55 54 51 50 48 46 45 44 45 46 44 45 48 49 47 48 48 50 51 53 53 55 56 56 56 57 59 59 59 59 59 59 58 58 58 58 58 -9999 -9999 -9999 -9999 -9999 -9999 -9999 -9999 -9999 -9999 -9999 -9999 -9999 -9999 -9999 -9999 -9999 -9999 -9999 -9999 -9999 -9999 -9999 -9999 -9999 -9999 -9999 -9999 -9999 -9999 -9999 -9999
-9999 -9999 62 63 62 62 63 62 62 60 57 56 54 54 52 50 48 47 46 44 43 43 43 43 43 45 47 45 44 46 48 50 52 51 53 53 52 54 55 57 57 59 59 59 59 59 58 58 57 58 58 58 -9999 -9999 -9999 -9999 -9999 -9999 -9999 -9999 -9999 -9999 -9999 -9999 -9999 -9999 -9999 -9999 -9999 -9999 -9999 -9999 -9999 -9999 -9999 -9999 -9999 -9999 -9999 -9999 -9999 -9999 -9999
-9999 62 62 61 60 59 58 57 56 55 55 54 53 51 50 49 48 47 46 45 43 42 44 46 46 47 46 48 49 50 52 51 53 53 54 55 54 53 54 55 57 58 57 58 57 57 57 55 55 56 56 56 56 57 -9999 -9999 -9999 -9999 -9999 -9999 -9999 -9999 -9999 -9999 -9999 -9999 -9999 -9999 -9999 -9999 -9999 -9999 -9999 -9999 -9999 -9999 -9999 -9999 -9999 -9999 -9999 -9999 -9999
60 60 60 59 56 55 54 54 53 53 53 53 50 48 49 48 49 49 48 47 47 47 47 48 49 49 48 51 53 53 53 53 53 54 55 55 55 55 55 54 56 56 56 57 55 53 54 54 55 55 55 55 56 56 56 55 -9999 -9999 -9999 -9999 -9999 -9999 -9999 -9999 -9999 -9999 -9999 -9999 -9999 -9999 -9999 -9999 -9999 -9999 -9999 -9999 -9999 -9999 -9999 -9999 -9999 -9999 -9999
50 53 54 54 54 54 53 51 50 49 49 49 50 50 50 51 51 51 51 51 51 50 50 51 52 52 52 52 53 54 53 53 54 54 54 55 56 55 56 56 56 56 55 56 55 55 55 55 54 54 54 55 56 55 55 55 55 -9999 -9999 -9999 -9999 -9999 -9999 -9999 -9999 -9999 -9999 -9999 -9999 -9999 -9999 -9999 -9999 -9999 -9999 -9999 -9999 -9999 -9999 -9999 -9999 -9999 -9999
46 43 45 47 48 48 48 48 49 49 48 49 50 51 52 52 52 52 52 52 52 52 52 52 52 52 53 53 54 54 55 54 55 55 55 55 55 55 55 55 56 56 56 56 57 56 56 56 56 56 56 55 55 55 55 55 55 55 55 56 -9999 -9999 -9999 -9999 -9999 -9999 -9999 -9999 -9999 -9999 -9999 -9999 -9999 -9999 -9999 -9999 -9999 -9999 -9999 -9999 -9999 -9999 -9999
40 42 39 39 44 42 45 48 48 48 50 50 51 51 52 52 52 53 53 53 54 54 54 54 53 52 52 52 53 54 54 53 53 54 55 55 55 56 56 56 56 56 56 57 57 56 56 56 56 55 54 54 55 55 54 54 54 55 55 55 -9999 -9999 -9999 -9999 -9999 -9999 -9999 -9999 -9999 -9999 -9999 -9999 -9999 -9999 -9999 -9999 -9999 -9999 -9999 -9999 -9999 -9999 -9999
41 37 40 35 39 38 44 48 45 45 47 50 51 51 52 53 51 48 49 51 52 53 54 53 54 54 55 55 54 55 56 56 55 53 54 55 55 56 56 56 56 56 56 56 56 56 56 54 52 52 53 54 55 54 52 52 54 55 55 55 -9999 -9999 -9999 -9999 -9999 -9999 -9999 -9999 -9999 -9999 -9999 -9999 -9999 -9999 -9999 -9999 -9999 -9999 -9999 -9999 -9999 -9999 -9999
54 49 43 39 38 36 48 36 47 36 44 50 51 51 53 53 51 49 52 53 53 53 53 53 53 54 55 55 54 54 55 55 55 54 55 55 56 55 54 55 54 55 54 54 54 55 54 54 54 53 53 53 53 53 51 53 54 54 54 55 55 55 -9999 -9999 -9999 -9999 -9999 -9999 -9999 -9999 -9999 -9999 -9999 -9999 -9999 -9999 -9999 -9999 -9999 -9999 -9999 -9999 -9999
58 54 53 53 49 46 51 40 44 34 40 48 47 47 53 53 53 52 53 53 53 53 53 53 54 54 53 53 54 54 54 53 51 52 52 54 55 54 52 54 53 54 54 54 54 54 53 52 53 52 52 51 53 53 50 50 51 51 53 55 55 56 56 56 -9999 -9999 -9999 -9999 -9999 -9999 -9999 -9999 -9999 -9999 -9999 -9999 -9999 -9999 -9999 -9999 -9999 -9999 -9999
55 50 47 49 48 49 50 50 48 49 48 46 48 51 51 45 45 47 52 53 53 52 51 53 54 54 54 53 52 53 53 51 51 53 53 52 53 52 52 53 52 51 51 53 53 53 52 51 51 52 50 51 49 49 50 52 54 55 54 53 52 55 54 55 56 -9999 -9999 -9999 -9999 -9999 -9999 -9999 -9999 -9999 -9999 -9999 -9999 -9999 -9999 -9999 -9999 -9999 -9999
49 43 41 45 49 46 48 45 38 45 43 42 51 50 47 42 41 47 46 44 53 48 50 53 54 54 48 48 49 51 50 51 53 53 49 50 50 48 49 51 52 52 51 51 52 52 51 50 49 49 50 50 49 51 51 53 54 54 54 53 50 51 52 54 56 54 55 -9999 -9999 -9999 -9999 -9999 -9999 -9999 -9999 -9999 -9999 -9999 -9999 -9999 -9999 -9999 -9999
57 44 39 37 49 38 36 39 43 44 38 41 49 46 38 39 44 48 48 50 47 45 51 54 51 39 42 45 42 43 47 49 52 52 49 50 51 50 49 52 53 50 49 51 50 51 50 49 49 47 48 49 49 48 49 50 50 53 51 51 49 48 49 52 53 54 55 55 56 57 -9999 -9999 -9999 -9999 -9999 -9999 -9999 -9999 -9999 -9999 -9999 -9999 -9999
-9999 60 56 54 52 41 35 35 36 41 45 44 46 41 39 38 38 43 48 43 46 52 54 52 37 37 39 40 39 44 44 46 51 49 47 50 51 51 52 53 51 49 48 48 48 48 50 50 47 45 47 47 47 47 48 50 51 53 50 49 50 49 49 50 54 55 55 54 56 54 54 51 54 -9999 -9999 -9999 -9999 -9999 -9999 -9999 -9999 -9999 -9999
-9999 -9999 -9999 -9999 59 51 46 43 40 51 54 47 33 36 31 34 35 41 40 44 51 52 51 43 42 42 35 35 36 41 46 47 50 46 44 44 49 51 51 51 47 46 45 47 49 50 49 49 47 45 46 46 47 49 50 52 53 50 47 47 46 45 48 51 52 52 53 54 54 54 52 53 53 54 55 -9999 -9999 -9999 -9999 -9999 -9999 -9999 -9999
-9999 -9999 -9999 -9999 -9999 -9999 -9999 -9999 -9999 59 43 46 44 43 46 36 32 31 39 48 44 44 48 46 40 38 36 29 34 39 41 48 41 39 41 42 43 50 51 47 45 45 46 45 48 48 48 48 48 46 45 45 48 50 51 53 52 48 45 42 44 46 49 50 51 52 51 52 51 51 52 50 52 54 55 56 53 54 -9999 -9999 -9999 -9999 -9999
