phyloclim/inst/extdata/bio12.asc
NCOLS 396 
NROWS 264 
XLLCORNER -73.5000000000025 
YLLCORNER -56.0000000000011 
CELLSIZE 0.041666666666667 
NODATA_value -9999 
[rows 180 to 215 of 264, columns 0 to 80 of 396]
2396 2302 2214 2149 2086 2029 1962 1923 1808 1752 1686 1622 1556 1503 1452 1374 1351 1321 1270 1204 1139 1085 1068 1060 1024 938 884 857 839 839 793 737 715 692 674 647 626 605 587 568 552 538 520 502 485 469 453 436 423 407 394 382 371 360 347 338 330 329 326 317 304 294 284 275 267 258 252 248 243 240 241 242 243 243 246 256 261 263 265 266 264
2388 2334 2303 2210 2095 2018 1984 1931 1861 1795 1727 1667 1600 1538 1483 1431 1340 1351 1258 1206 1152 1124 1116 1033 1027 993 934 894 849 821 -9999 -9999 724 722 -9999 655 643 -9999 -9999 575 559 542 523 507 493 475 458 444 431 416 405 394 383 369 356 351 341 336 327 316 305 292 283 273 263 258 251 248 247 246 245 243 245 247 250 262 259 257 258 260 263
2480 2431 2350 2277 2185 2093 2014 1955 1900 1833 1764 1701 1635 1573 1522 1459 1408 1357 -9999 1229 1199 1170 1090 1077 1099 1038 1061 -9999 859 844 -9999 -9999 -9999 -9999 -9999 -9999 -9999 -9999 -9999 -9999 -9999 -9999 -9999 -9999 -9999 -9999 -9999 455 443 430 419 409 396 384 369 359 347 334 322 312 300 291 284 273 265 258 253 252 249 249 248 248 248 253 253 255 257 258 261 264 264
2539 2481 2373 2325 2237 2107 2093 2015 1948 1868 1793 1736 1677 1619 1550 1502 1440 1381 1339 1303 1205 1189 -9999 1072 1058 1023 -9999 946 -9999 -9999 845 823 800 768 756 710 692 -9999 -9999 -9999 -9999 -9999 -9999 -9999 -9999 509 490 473 455 445 435 425 413 397 379 366 352 338 327 318 305 296 287 275 269 261 257 254 252 251 253 253 255 257 258 258 259 264 268 267 -9999
2638 2545 2462 2383 2283 2189 2138 2060 1978 1890 1832 1767 1713 1652 1593 1538 1493 1434 1385 1333 -9999 -9999 -9999 -9999 -9999 -9999 -9999 958 -9999 916 873 850 836 807 768 733 711 688 667 646 624 601 581 560 540 522 506 488 472 455 442 438 423 403 387 372 359 345 335 322 312 301 291 282 273 264 261 256 257 255 259 257 260 261 260 -9999 -9999 -9999 -9999 -9999 -9999
2660 2577 2504 2426 2346 2259 2148 2073 2008 1944 1858 1814 1752 1689 1633 1576 1514 1473 1393 1359 1300 1243 1219 1154 1119 1101 1062 -9999 964 933 920 929 892 860 815 762 739 716 692 668 646 621 599 580 563 544 523 502 484 468 451 440 425 407 394 380 368 356 345 333 322 310 299 288 278 270 262 261 258 262 264 263 262 -9999 273 276 278 282 284 288 289
2730 2659 2560 2448 2378 2291 2200 2097 2015 1950 1868 1838 1788 1723 1664 1606 1552 1486 1440 1398 1350 1296 1216 1190 1150 1141 1073 1033 1008 971 946 937 897 890 834 809 770 751 728 711 689 662 642 619 596 563 536 518 500 483 461 452 436 420 405 391 378 366 355 344 331 321 309 300 290 282 278 -9999 -9999 -9999 -9999 -9999 -9999 277 279 280 284 288 289 294 295
2744 2674 2581 2505 2419 2318 2249 2109 1992 1918 1868 1862 1821 1757 1700 1638 1579 1528 1477 1445 1376 1320 1264 1225 1194 1139 1119 1091 1084 1029 971 943 910 870 848 822 787 762 743 734 726 706 685 650 614 573 553 533 516 496 478 461 441 428 413 401 389 376 365 356 344 332 322 311 300 290 -9999 287 286 -9999 -9999 -9999 -9999 -9999 -9999 -9999 290 296 298 302 305
2797 2659 2602 2501 2419 2338 2226 2117 2009 1948 1935 1912 1861 1787 1731 1671 1621 1567 1518 1448 1400 1358 1310 1280 1234 1169 1165 1141 1089 1052 1044 996 938 893 864 834 805 783 764 744 724 707 686 647 614 592 570 549 522 509 -9999 -9999 -9999 -9999 -9999 -9999 401 389 378 368 359 346 336 326 319 313 302 298 291 -9999 -9999 -9999 -9999 -9999 -9999 -9999 -9999 305 308 311 312
2816 2710 2641 2561 2426 2357 2267 2245 2164 2048 1956 1933 1881 1822 1761 1701 1652 1600 1535 1481 1436 1397 1353 1302 1263 1201 1163 1133 1105 1072 1032 992 949 922 927 883 834 803 788 769 738 711 677 651 628 602 586 -9999 -9999 -9999 -9999 -9999 -9999 -9999 -9999 -9999 416 403 392 380 371 361 352 341 330 322 314 306 -9999 306 306 -9999 -9999 -9999 -9999 -9999 314 315 315 318 320
2870 2755 2651 2615 2528 2438 2356 2249 2172 2119 2030 1942 1921 1858 1794 1739 1680 1622 1570 1522 1483 1463 1426 1341 1288 1237 1217 1175 1153 1097 1058 1037 1018 990 953 914 855 822 796 774 746 717 688 671 -9999 -9999 -9999 -9999 -9999 -9999 -9999 -9999 -9999 -9999 460 443 429 418 406 396 385 377 367 356 353 -9999 -9999 -9999 -9999 307 306 -9999 -9999 -9999 324 322 -9999 -9999 -9999 -9999 -9999
2886 2814 2724 2636 2511 2461 2367 2278 2217 2156 2049 1984 1959 1885 1819 1760 1713 1656 1607 1557 1525 1486 1428 1364 1315 1266 1251 1207 1166 1151 1124 1069 1025 1002 966 918 880 846 815 785 756 -9999 -9999 -9999 -9999 -9999 -9999 -9999 -9999 -9999 -9999 -9999 -9999 489 473 458 445 431 419 408 401 394 387 378 374 -9999 -9999 -9999 -9999 -9999 -9999 -9999 -9999 337 336 335 -9999 -9999 -9999 -9999 349
2919 2845 2736 2635 2566 2443 2394 2332 2271 2162 2107 2029 1994 1915 1854 1792 1743 1686 1637 1592 1540 1481 1433 1401 1346 1292 1247 1209 1193 1163 1137 1102 1057 1025 983 937 899 868 823 -9999 -9999 -9999 -9999 -9999 -9999 -9999 -9999 -9999 -9999 -9999 -9999 -9999 -9999 503 489 474 461 447 436 427 417 406 401 394 382 -9999 -9999 -9999 -9999 -9999 -9999 -9999 -9999 344 346 350 357 -9999 360 361 360
-9999 -9999 2756 2679 2557 2426 2417 2372 2295 2191 2137 2065 2013 1952 1890 1828 1767 1713 1663 1612 1560 1506 1465 1418 1374 1316 1278 1224 1188 1154 1136 1120 1071 1034 994 952 921 889 -9999 840 -9999 -9999 -9999 -9999 -9999 -9999 -9999 -9999 -9999 -9999 -9999 559 542 521 505 491 479 475 464 454 447 428 412 404 -9999 -9999 -9999 -9999 -9999 -9999 -9999 -9999 -9999 362 364 365 369 370 370 370 373
-9999 -9999 -9999 2727 2633 2566 2455 2410 2317 2239 2186 2149 2031 1973 1918 1855 1795 1745 1684 1639 1586 1538 1496 1451 1396 1358 1315 1268 1190 1167 1149 1100 1085 1046 1006 974 944 -9999 -9999 852 -9999 -9999 -9999 -9999 -9999 -9999 -9999 -9999 -9999 -9999 600 578 560 556 554 529 539 544 520 495 478 439 421 -9999 -9999 -9999 -9999 -9999 -9999 -9999 -9999 -9999 -9999 379 379 381 383 386 386 389 389
2987 2931 -9999 -9999 2660 2590 2541 -9999 -9999 -9999 -9999 2180 2083 -9999 1922 1885 1820 1772 1716 1664 1611 1564 1525 1477 1428 1379 1333 1288 1249 1204 1182 -9999 1078 1060 1017 -9999 -9999 -9999 -9999 862 -9999 -9999 -9999 -9999 -9999 729 710 683 664 642 619 605 589 572 586 586 575 568 547 510 475 441 428 424 -9999 -9999 -9999 -9999 -9999 -9999 -9999 -9999 -9999 399 399 400 400 400 401 406 407
2964 2896 2845 2803 2663 2591 2527 2456 2387 2306 2235 2169 2105 2040 1982 1918 1853 1800 1744 1690 1640 1589 1541 1491 1449 1402 1360 1311 1268 1236 1198 -9999 -9999 -9999 -9999 -9999 -9999 -9999 -9999 -9999 -9999 -9999 829 800 782 746 736 708 706 683 655 636 618 597 583 591 589 578 558 511 476 455 -9999 -9999 -9999 -9999 -9999 -9999 -9999 -9999 -9999 -9999 428 421 419 420 420 419 420 424 425
2998 2923 2812 2787 -9999 2588 2536 2463 2389 2305 2219 2158 2103 2057 2003 1940 1881 1833 1764 1720 1668 1625 1570 1518 1466 1430 1378 1338 1303 1275 -9999 -9999 1161 -9999 1073 1054 1027 997 959 935 -9999 -9999 844 847 818 774 768 745 716 721 707 682 655 631 609 605 603 592 560 520 492 477 -9999 -9999 -9999 -9999 -9999 -9999 -9999 -9999 -9999 -9999 442 442 441 440 439 437 439 441 445
2991 2920 2831 2790 2715 2656 2607 2474 2404 2344 2279 2183 2124 2069 2009 1955 1900 1856 1793 1745 1694 1647 1594 1551 1504 1458 1411 1368 1338 1291 1258 1210 1186 1153 1089 1077 1066 1029 988 974 932 893 880 893 851 808 803 800 761 724 715 715 693 670 656 642 624 593 580 541 518 504 -9999 -9999 -9999 -9999 -9999 -9999 -9999 -9999 -9999 -9999 463 464 463 463 462 462 462 463 469
3030 2912 2860 2776 2680 2646 2579 2524 -9999 -9999 2304 2232 2166 2094 2009 1967 1923 1877 1821 1769 1714 1674 1626 1573 1532 1476 1443 1401 1377 1327 1283 1263 1215 1174 -9999 1098 1090 1079 1022 1013 957 916 911 918 899 848 813 800 799 767 756 728 734 718 684 658 634 614 586 556 542 528 -9999 -9999 -9999 -9999 -9999 -9999 -9999 -9999 -9999 -9999 484 487 486 483 483 482 488 488 494
-9999 2947 2894 2813 2728 2662 2592 2502 2455 2396 2360 -9999 2182 2122 2068 2010 1954 1902 1849 1793 1741 1698 1652 1599 1546 1497 1468 1430 1390 1368 1315 1272 1236 1198 -9999 1122 1126 1077 1061 1019 979 934 928 923 916 877 842 832 820 795 779 752 748 724 711 665 638 629 631 596 566 548 -9999 -9999 -9999 -9999 -9999 -9999 -9999 -9999 -9999 -9999 512 512 512 509 506 508 510 516 515
3036 2972 2934 -9999 2750 2702 2606 2553 2478 2409 2340 2281 2234 2123 2087 2025 1979 1921 1874 1820 1768 1717 1663 1630 1560 1529 1495 1445 1405 1379 1340 1291 1249 1208 1194 1172 1134 1100 1097 1040 998 964 945 933 914 899 888 863 827 833 796 774 746 723 710 686 659 640 626 611 599 -9999 -9999 -9999 -9999 -9999 -9999 -9999 -9999 -9999 -9999 -9999 -9999 527 528 528 527 534 538 537 531
3046 2966 2906 2843 2769 2699 2657 2541 2487 2423 2354 2301 2233 2183 2136 2089 1986 1939 1893 1842 1791 1741 1696 1651 1605 1553 1526 1487 1435 1400 1354 1315 1286 1248 1215 1199 1170 1154 1104 1065 1023 989 964 944 924 925 910 892 853 826 822 797 765 747 730 711 700 678 656 637 626 -9999 -9999 -9999 -9999 -9999 -9999 -9999 -9999 -9999 -9999 -9999 -9999 -9999 -9999 -9999 548 554 557 550 540
3034 2983 2907 2839 2750 2710 2643 2571 2496 2439 2346 2302 2239 2191 2158 2071 2023 1988 1893 1851 1809 1766 1719 1674 1627 1584 1537 1503 1463 1429 1375 1341 1311 1285 1256 1222 1177 1157 1122 1072 1040 1013 992 978 949 925 928 916 888 844 838 808 788 772 753 730 722 720 705 677 654 656 -9999 -9999 -9999 -9999 -9999 -9999 -9999 -9999 -9999 -9999 -9999 -9999 -9999 -9999 -9999 562 563 558 549
3037 2946 2915 2840 2733 2667 2642 2555 2460 2453 2392 2325 2227 2206 2159 2089 2040 1988 1956 1881 1841 1772 1731 1692 1652 1609 1572 1516 1495 1442 1401 1366 1335 1298 1268 1234 1191 1150 1132 1108 1078 1045 1033 1013 971 980 932 919 915 883 856 834 821 809 796 759 738 752 744 720 692 681 -9999 -9999 -9999 -9999 -9999 -9999 -9999 -9999 -9999 -9999 -9999 -9999 -9999 -9999 -9999 -9999 -9999 -9999 -9999
3010 2962 2908 2859 2764 2714 2656 2567 2477 2445 2393 2336 2279 2219 2173 2126 2060 2004 1969 1895 1862 1819 1760 1725 1686 1622 1590 1519 1490 1465 1448 1394 1351 1316 1284 1251 1221 1193 1158 1140 1128 1081 1059 1047 1005 1003 968 947 925 924 889 854 849 833 816 793 766 752 752 746 724 706 -9999 -9999 -9999 -9999 -9999 -9999 -9999 -9999 661 660 656 -9999 -9999 -9999 -9999 -9999 -9999 -9999 -9999
3023 2966 2903 2855 2783 2729 2652 2586 2510 2471 2419 2351 2298 2245 2189 2132 2084 2015 1979 1925 1869 1833 1788 1745 1689 1647 1606 1569 1532 1464 1450 1413 1389 1363 1321 1280 1262 1240 1200 1185 1159 1109 1077 1067 1048 1031 1002 998 959 931 905 906 872 872 847 821 799 784 764 761 751 733 739 -9999 -9999 -9999 -9999 -9999 -9999 -9999 685 681 679 -9999 -9999 -9999 -9999 -9999 -9999 -9999 -9999
3043 2982 2920 2860 2804 2729 2671 2612 2548 2493 2431 2372 2319 2261 2209 2153 2093 2035 1992 1951 1889 1856 1809 1759 1713 1666 1623 1585 1555 1514 -9999 1420 1404 1385 1346 1320 1303 1265 1218 1196 1161 1149 1134 1091 1079 1044 1015 1016 982 972 939 920 913 873 856 838 832 820 809 787 772 763 745 -9999 -9999 -9999 -9999 -9999 731 724 715 711 710 -9999 -9999 -9999 -9999 -9999 -9999 -9999 -9999
3037 2979 2920 2862 2799 2740 2681 2622 2563 2503 2446 2389 2328 2269 2214 2160 2118 2064 2011 1968 1918 1872 1828 1783 1752 1706 1660 1623 1557 1529 -9999 -9999 1401 1388 1361 1324 1293 1270 1237 1206 1203 1172 1135 1138 1094 1047 1049 1023 1015 978 973 949 927 918 894 872 858 846 827 812 801 780 -9999 -9999 -9999 -9999 767 758 751 748 742 741 741 -9999 -9999 -9999 -9999 -9999 -9999 -9999 -9999
3034 2980 2930 -9999 2799 2745 2685 2628 2569 2512 2457 2399 2342 2291 2236 2184 2135 2080 2027 1985 1939 1893 1850 1806 1759 1722 1678 1637 1602 1561 1529 1463 1446 1413 1389 1336 1295 1271 1239 1224 1206 1183 1151 1124 1103 1074 1056 1052 1028 1007 979 955 951 920 915 903 881 876 871 855 833 -9999 -9999 -9999 -9999 -9999 779 783 776 771 771 768 768 -9999 -9999 -9999 -9999 -9999 -9999 -9999 697
-9999 -9999 2895 2885 -9999 2736 2691 2635 2577 2522 2458 2407 2354 2303 2249 2198 2148 2098 2053 2000 1950 1911 1869 1830 1784 1748 1707 1665 1628 1589 1546 1518 1495 1419 1397 -9999 -9999 -9999 -9999 1229 1212 1184 1166 1138 1133 1122 1107 1072 1048 1028 993 986 972 952 934 919 914 898 883 879 858 -9999 -9999 -9999 -9999 -9999 811 809 807 800 797 793 791 806 -9999 -9999 -9999 -9999 -9999 726 714
-9999 -9999 2905 2863 2805 2747 2694 2638 2584 2529 2481 2420 2368 2309 2266 2216 2162 2113 2065 2022 1973 1925 1887 1850 1806 1766 1719 1679 1645 1607 1565 1526 1486 1478 1434 -9999 -9999 -9999 -9999 -9999 -9999 -9999 1178 1164 1137 1115 1100 1096 1075 1039 1029 1013 1000 979 972 948 928 919 903 888 877 -9999 -9999 -9999 858 854 -9999 824 826 827 824 821 823 825 -9999 -9999 -9999 -9999 -9999 745 735
-9999 -9999 2913 2859 2799 2753 2698 2644 2592 2536 2497 2431 2382 2332 2276 2235 2178 2132 2082 2038 1993 1951 1906 1869 1828 1789 1739 1695 1648 1623 1584 1552 1531 1490 1451 1414 1384 1368 1337 1304 -9999 -9999 -9999 -9999 -9999 -9999 -9999 1082 1074 1054 1050 1049 1030 1003 983 970 956 933 921 -9999 -9999 -9999 -9999 886 878 869 864 863 865 855 851 848 849 847 -9999 -9999 -9999 -9999 -9999 763 754
-9999 -9999 2902 -9999 2799 2753 2700 2650 2599 2550 -9999 2437 2391 2362 2288 2241 2194 2146 2100 2054 2012 1969 1926 1886 1843 1800 1759 1717 1691 -9999 1612 1571 1549 1508 1469 1443 1410 1387 1358 1322 1304 1265 1246 1228 -9999 -9999 -9999 -9999 -9999 -9999 1047 1038 1039 1020 997 979 -9999 -9999 -9999 -9999 -9999 -9999 914 911 901 896 886 883 879 875 874 865 863 867 -9999 -9999 -9999 -9999 -9999 784 771
-9999 -9999 2891 2858 2808 2748 2705 2653 2602 2558 2509 2452 2399 2374 2302 2254 2207 2162 2115 2073 2030 1988 1945 1901 1861 1820 1780 1735 1700 1659 1634 1593 1566 1522 1491 1471 1444 1410 1378 1348 1316 1295 1279 1239 1220 1199 1181 1166 1138 1123 -9999 -9999 -9999 -9999 -9999 -9999 -9999 -9999 -9999 -9999 -9999 -9999 938 934 925 918 910 905 899 897 890 874 869 860 870 -9999 -9999 -9999 -9999 -9999 787
-9999 -9999 -9999 2848 2809 2757 2708 2656 2607 2557 2508 2480 -9999 2350 2305 2265 2216 2177 2130 2088 2046 2003 1958 1918 1872 1840 1796 1764 1710 1683 1655 1613 1586 1551 1518 1493 1468 1433 1407 1370 1345 1335 1299 1262 1239 1222 1207 1183 1162 1140 1113 1109 1090 1081 -9999 -9999 -9999 -9999 -9999 -9999 -9999 -9999 958 957 949 938 930 924 927 910 910 893 882 881 879 878 -9999 -9999 -9999 -9999 -9999
