phyloclim/inst/extdata/bio12.asc
NCOLS 396 
NROWS 264 
XLLCORNER -73.5000000000025 
YLLCORNER -56.0000000000011 
CELLSIZE 0.041666666666667 
NODATA_value -9999 
[rows 216 to 251 of 264, columns 81 to 161 of 396]
-9999 793 781 770 754 743 734 721 707 696 685 673 665 655 644 631 621 617 607 596 583 574 562 554 545 536 526 519 510 503 496 488 480 474 469 460 452 445 439 434 428 423 416 413 407 400 396 391 386 384 382 377 375 371 370 367 365 362 358 355 356 355 356 354 354 353 355 -9999 -9999 -9999 -9999 -9999 -9999 -9999 -9999 -9999 -9999 -9999 -9999 -9999 -9999
-9999 805 798 782 772 759 747 735 724 712 707 693 681 672 655 645 637 632 622 608 599 591 574 569 558 549 538 530 524 517 508 500 492 483 473 469 466 456 453 443 440 429 424 419 413 409 404 398 397 393 391 386 382 380 378 372 370 367 365 363 362 362 365 362 358 358 358 359 359 -9999 -9999 -9999 -9999 -9999 -9999 -9999 -9999 -9999 -9999 -9999 -9999
-9999 815 808 797 788 777 762 752 741 730 716 707 699 686 671 662 656 647 633 619 608 597 590 584 568 558 552 556 544 532 526 519 504 495 483 477 473 465 458 452 448 437 432 427 424 417 413 409 405 402 397 396 390 387 383 381 378 375 373 369 370 368 368 369 368 365 364 363 361 363 365 365 -9999 -9999 -9999 -9999 -9999 -9999 -9999 -9999 -9999
-9999 -9999 -9999 799 794 785 775 767 757 744 734 722 709 698 685 678 669 659 651 636 621 617 605 588 579 571 577 569 557 547 543 525 519 507 494 490 484 474 465 458 452 445 441 436 432 425 424 418 410 407 405 405 398 395 392 392 385 382 381 374 377 377 373 372 372 371 369 368 367 369 367 369 371 374 374 -9999 -9999 -9999 -9999 -9999 -9999
-9999 -9999 -9999 -9999 -9999 -9999 778 774 764 756 747 729 716 710 707 696 689 676 665 651 642 629 612 600 590 591 583 574 573 567 556 542 525 519 506 502 497 492 475 469 460 453 451 449 444 436 427 424 418 416 416 413 408 405 398 394 393 385 383 382 384 382 384 384 380 376 375 374 373 374 374 375 375 375 376 375 378 -9999 -9999 -9999 -9999
-9999 -9999 -9999 -9999 -9999 -9999 -9999 -9999 -9999 -9999 -9999 735 733 721 715 703 690 688 685 674 655 637 631 621 607 599 598 590 582 586 570 554 543 525 527 522 510 501 492 476 470 468 464 458 451 446 438 434 428 426 418 417 417 412 408 401 397 394 391 392 395 398 394 389 385 382 382 380 379 377 379 380 380 382 381 381 381 383 386 386 -9999
896 882 872 858 847 -9999 819 808 -9999 -9999 -9999 -9999 -9999 -9999 716 722 712 703 692 687 670 655 652 644 635 624 611 601 596 587 576 563 548 536 534 524 519 512 497 485 486 484 474 471 466 458 450 446 439 435 428 427 424 419 410 406 403 399 399 400 406 400 394 394 390 388 386 386 386 386 386 384 390 387 386 386 386 390 391 389 391
910 897 884 871 -9999 -9999 830 826 812 801 785 758 -9999 -9999 -9999 -9999 -9999 696 697 687 683 688 672 656 644 629 623 617 611 607 597 580 574 573 562 548 538 524 501 498 500 494 501 496 488 478 462 455 450 444 438 436 441 428 418 413 410 406 408 409 407 405 397 395 395 392 391 389 389 390 391 392 392 392 395 395 396 395 394 394 395
925 913 899 886 874 865 841 834 829 821 805 792 -9999 753 748 735 727 -9999 -9999 -9999 672 671 666 663 643 649 642 629 618 603 592 589 586 575 564 555 539 521 522 523 507 503 506 504 494 481 477 477 470 460 455 447 444 436 423 422 417 415 417 410 408 405 404 403 399 397 399 396 395 394 396 397 398 398 399 399 398 399 400 401 402
939 924 912 901 886 881 865 842 842 835 816 803 784 767 770 768 745 733 722 -9999 -9999 -9999 659 661 670 668 680 666 655 646 638 625 615 588 593 580 565 559 564 529 529 527 514 515 503 490 488 483 472 463 460 453 449 441 439 430 424 423 427 416 413 411 410 405 405 404 404 401 403 404 402 402 402 407 407 408 405 404 405 406 405
948 941 929 919 905 891 878 848 848 847 836 814 795 796 779 765 765 763 755 739 729 707 -9999 674 662 653 641 655 646 656 642 620 634 621 612 606 603 597 586 565 573 545 551 533 527 511 520 508 493 487 480 470 460 450 444 443 435 430 425 422 420 419 420 413 410 412 415 412 406 405 405 405 408 409 410 408 407 408 408 409 412
968 956 944 935 919 901 885 877 870 849 850 828 808 808 811 779 784 770 763 750 745 730 699 692 704 677 679 642 646 639 633 625 612 606 597 587 595 601 604 583 581 576 561 562 552 536 548 535 530 510 505 506 486 475 461 447 441 437 441 443 439 435 434 432 429 430 428 428 415 412 409 410 412 412 410 410 410 415 418 419 416
982 975 964 954 934 915 913 905 883 864 864 859 837 820 826 803 806 800 794 764 735 728 699 709 724 718 681 686 689 670 660 629 605 594 582 575 564 559 555 554 558 550 543 555 556 558 549 549 541 531 525 519 505 486 471 462 449 446 445 451 443 444 444 442 439 438 427 418 414 412 414 414 415 417 417 419 419 421 422 421 428
997 992 997 988 956 945 929 905 894 879 888 884 858 849 861 852 825 798 780 754 748 762 746 713 732 735 710 712 707 689 662 638 658 650 618 598 581 565 556 547 538 529 521 515 509 504 507 509 495 491 484 481 478 473 468 464 458 455 448 446 440 435 433 429 426 423 421 419 419 425 423 423 424 425 426 428 430 429 429 430 432
1025 1024 1008 1007 999 989 978 942 909 909 911 893 878 876 904 873 841 818 783 770 777 787 747 728 738 740 749 742 731 702 684 668 669 670 669 657 612 623 582 576 583 568 562 547 540 538 536 535 524 506 506 498 497 491 489 486 474 467 459 458 449 444 441 434 433 431 430 429 430 450 437 436 443 436 454 445 443 441 443 437 433
1036 1042 1049 1022 1001 986 1008 992 977 992 981 965 959 928 889 874 839 813 799 808 822 800 784 761 756 774 742 730 733 742 714 718 713 686 656 658 650 652 630 639 641 632 616 620 599 608 609 587 571 546 564 540 544 550 533 509 498 486 473 470 463 456 454 448 448 448 442 442 440 454 452 456 450 450 457 465 466 460 464 447 440
1044 1034 1030 1012 987 997 995 991 971 960 934 969 940 933 881 850 856 845 811 816 826 837 801 814 809 784 776 743 717 714 715 714 708 714 696 660 685 671 651 672 658 631 610 611 590 588 584 592 588 587 582 563 568 560 543 522 518 510 512 493 495 488 496 481 487 496 462 463 482 461 472 473 475 476 477 467 459 456 455 446 456
1060 1051 1035 1008 1008 1013 1007 973 955 944 925 930 905 921 937 897 893 873 844 851 869 874 890 867 825 787 793 777 756 734 698 694 686 681 674 691 678 669 681 672 664 652 649 650 628 614 575 597 587 578 575 565 553 542 547 537 536 534 545 546 519 522 521 506 522 509 485 491 479 490 480 475 473 469 464 472 476 481 466 463 470
1072 1055 1053 1026 1025 1021 1011 1001 977 954 942 933 911 915 934 948 935 892 888 885 903 909 920 856 807 794 769 767 768 741 721 750 740 699 669 694 689 676 689 694 677 666 646 613 596 595 602 627 612 602 602 596 586 575 571 542 548 525 518 515 515 500 526 501 512 492 479 477 481 477 478 479 459 456 463 488 480 474 479 489 484
1076 1068 1066 1041 1028 1021 1022 994 974 966 946 941 941 935 933 930 898 888 862 872 866 866 871 856 831 800 797 782 756 744 731 749 765 750 723 697 674 685 681 657 668 654 616 595 575 581 598 600 598 612 600 605 585 586 589 563 570 560 558 558 551 508 489 477 493 479 466 475 473 469 458 455 466 460 455 456 460 464 463 480 479
1079 1083 1069 1067 -9999 -9999 1011 1002 985 974 963 955 943 939 939 926 913 891 878 875 879 878 875 882 892 865 823 802 791 801 762 736 728 728 720 711 696 677 665 650 648 642 608 597 617 -9999 -9999 -9999 598 596 593 587 582 579 569 566 556 569 557 538 537 516 490 474 468 464 461 460 459 457 491 509 498 498 492 478 476 473 462 466 481
1098 1085 1063 -9999 1045 1035 1023 1014 996 993 988 966 958 947 932 916 907 893 901 901 893 907 907 914 883 861 825 838 841 810 798 789 767 745 712 718 713 696 -9999 -9999 -9999 -9999 -9999 649 649 649 648 643 643 636 629 620 610 599 582 567 549 536 523 520 509 489 484 477 472 465 462 458 456 456 458 476 491 495 497 492 484 484 472 466 484
1117 1102 1088 1076 1059 1049 1043 1040 1017 999 996 990 984 970 956 933 940 922 917 903 884 878 864 857 846 853 829 835 824 825 802 773 771 752 743 733 725 717 711 712 698 695 680 680 676 675 672 668 660 653 643 636 624 614 601 598 586 560 548 526 517 511 499 492 482 476 471 474 479 467 466 -9999 -9999 -9999 -9999 477 483 482 474 475 477
1136 1116 1099 1096 1077 1073 1061 1049 1038 1022 1007 1001 996 986 973 953 955 940 924 915 899 905 879 865 854 846 832 823 819 812 804 789 781 778 775 777 760 758 765 761 731 722 709 713 708 702 698 691 680 672 662 654 644 641 628 615 620 602 592 580 564 575 559 546 548 521 487 489 517 523 493 470 -9999 475 482 -9999 -9999 -9999 -9999 -9999 477
1153 1129 1116 1104 1091 1085 1080 1066 1057 1052 1030 1011 1003 1003 981 965 952 941 929 922 922 911 892 888 884 873 845 859 851 846 826 815 816 798 807 793 781 791 787 766 751 757 741 739 731 732 735 715 699 690 682 669 663 651 642 635 625 614 604 608 583 590 558 542 556 552 512 483 486 519 521 502 479 477 488 490 481 492 483 -9999 -9999
-9999 1146 1125 1113 1101 1092 1082 1068 1056 1053 1034 1023 1017 1000 1000 988 971 959 948 943 944 934 913 908 899 881 865 860 857 858 851 837 832 824 819 814 803 797 794 790 777 768 760 751 -9999 761 774 760 727 713 698 684 684 668 653 646 636 611 594 585 575 591 553 567 522 547 523 486 486 506 519 512 494 487 482 491 491 492 492 491 -9999
-9999 -9999 1141 1132 1118 1114 1110 1087 1092 1081 1057 1044 1042 1022 1012 1002 992 988 973 965 954 938 933 928 911 900 895 880 868 862 854 852 849 846 830 823 815 807 801 796 793 -9999 -9999 801 -9999 -9999 804 765 736 734 733 711 709 689 667 662 651 626 600 573 556 567 552 534 514 513 503 493 494 511 524 513 502 494 -9999 -9999 -9999 492 495 496 -9999
-9999 -9999 1156 1143 1144 1137 1132 1116 1108 1105 1096 1086 1063 1045 1025 1027 1013 1004 993 975 970 948 948 944 928 915 913 898 898 889 872 858 848 848 844 842 830 817 820 805 807 -9999 822 824 824 -9999 833 818 768 750 774 727 716 707 685 669 651 633 622 590 560 542 537 527 513 506 505 499 504 505 503 503 503 502 -9999 -9999 -9999 -9999 -9999 -9999 -9999
1190 1183 1177 -9999 1146 1136 1125 1119 1118 1111 1102 1097 1069 1047 1041 1030 1022 1005 998 986 969 953 960 958 931 938 929 923 916 905 891 877 870 862 862 857 849 844 843 838 829 836 838 828 803 802 -9999 864 821 804 800 762 738 721 698 680 657 638 619 596 572 551 526 514 511 511 512 521 532 536 531 518 512 507 -9999 -9999 -9999 -9999 -9999 -9999 -9999
1192 1189 1181 1170 1153 1143 1134 1132 1121 1117 1103 1090 1081 1062 1049 1047 1041 1023 1012 1003 993 971 967 968 955 946 943 934 909 910 897 894 895 888 879 880 870 863 856 852 848 840 844 857 862 861 -9999 866 842 798 795 787 766 733 716 694 667 645 623 600 592 -9999 -9999 536 539 546 533 531 533 553 533 523 516 -9999 522 525 523 523 523 521 -9999
1217 1204 1196 1183 1179 1150 1151 1145 1121 1117 1108 1098 1099 1098 1080 1058 1044 1029 1024 1011 1000 997 -9999 966 -9999 946 953 944 927 927 917 914 909 901 893 884 882 878 874 870 860 857 854 860 857 864 863 -9999 -9999 -9999 -9999 797 -9999 -9999 719 701 680 643 631 611 -9999 -9999 -9999 543 572 579 544 535 536 534 527 -9999 -9999 529 529 543 547 532 529 532 -9999
1230 1217 1208 1196 1181 1175 1161 1152 1133 1122 1117 1115 1110 1096 1088 1079 1066 1043 1035 1033 1021 1003 999 994 -9999 -9999 958 961 950 938 933 932 930 919 916 907 896 892 886 887 888 884 882 -9999 -9999 -9999 -9999 -9999 -9999 -9999 -9999 -9999 -9999 -9999 -9999 -9999 -9999 -9999 -9999 -9999 -9999 -9999 -9999 -9999 -9999 560 545 543 544 539 -9999 -9999 -9999 540 547 558 547 545 537 537 539
-9999 1235 1223 1212 1199 1182 -9999 1158 1149 1143 1131 1123 1116 1104 1092 1091 1075 1069 1058 1044 1036 -9999 1006 1004 999 -9999 -9999 965 964 952 951 949 937 934 929 923 916 914 906 905 900 899 891 895 -9999 -9999 -9999 -9999 -9999 -9999 -9999 -9999 -9999 -9999 -9999 -9999 -9999 -9999 -9999 -9999 -9999 -9999 -9999 -9999 -9999 -9999 -9999 -9999 -9999 -9999 -9999 -9999 -9999 -9999 546 548 547 544 -9999 -9999 -9999
-9999 -9999 -9999 -9999 -9999 -9999 -9999 -9999 1172 1162 1148 1129 1121 1121 1108 1093 1083 1082 1074 1062 1049 1033 -9999 1009 1015 1009 999 979 979 972 969 965 951 951 943 937 932 927 919 912 907 911 908 908 903 900 892 880 872 863 -9999 -9999 -9999 -9999 -9999 -9999 -9999 -9999 -9999 -9999 -9999 -9999 -9999 -9999 -9999 -9999 -9999 -9999 -9999 -9999 -9999 -9999 -9999 -9999 -9999 -9999 -9999 -9999 -9999 -9999 -9999
-9999 -9999 -9999 -9999 -9999 -9999 -9999 -9999 1178 -9999 -9999 -9999 1135 1130 1120 1109 1100 1094 1085 1070 1068 1052 1041 1035 -9999 1013 1004 993 992 992 984 980 969 962 960 952 946 938 936 933 921 925 920 919 914 902 894 885 -9999 -9999 -9999 -9999 -9999 -9999 -9999 -9999 -9999 -9999 -9999 -9999 -9999 -9999 -9999 -9999 -9999 -9999 -9999 -9999 -9999 -9999 -9999 -9999 -9999 -9999 -9999 -9999 -9999 -9999 -9999 -9999 -9999
-9999 -9999 -9999 -9999 -9999 -9999 -9999 -9999 -9999 -9999 -9999 1160 1150 1142 1130 1116 1107 1099 1095 1083 1084 1061 1055 1055 -9999 -9999 -9999 1013 1009 999 994 992 988 973 971 965 963 -9999 944 945 940 936 927 926 917 914 905 897 883 870 859 -9999 -9999 -9999 -9999 -9999 -9999 -9999 -9999 697 -9999 -9999 -9999 -9999 -9999 -9999 -9999 -9999 -9999 -9999 -9999 -9999 -9999 -9999 -9999 -9999 -9999 -9999 -9999 -9999 -9999
