.Random.seed <-
c(403L, 408L, -1017079477L, 2059942818L, 533275634L, -2135981122L, 
-318880162L, 1906218233L, 271789403L, 1636142624L, -108752961L, 
-826386172L, -807017685L, 1774965448L, 1734265075L, -1871624294L, 
1487897610L, 937052826L, 853921576L, -341460200L, -1164634601L, 
1437304157L, 1612852952L, -1162997786L, -1563473304L, 1098869603L, 
-1048559943L, -938501410L, 1182846804L, 1770204495L, 1454580886L, 
-2120699501L, -1278269938L, 1273989249L, -538092211L, 1819737079L, 
1147527002L, -897038234L, -1015689789L, -57244779L, -894114801L, 
-404953472L, -1373714892L, 808875994L, -2064669204L, -209884387L, 
-245530530L, -756158231L, 1562228800L, -149430823L, 1098194970L, 
1085959493L, -294255444L, -153308469L, 827535419L, 1148711202L, 
-571803302L, 477913361L, -1543167024L, 1153484607L, 1970954655L, 
-580842638L, 858207747L, 863875697L, -200263715L, -1181213131L, 
323365123L, 1445406838L, -2097916381L, -1733319404L, 581836943L, 
-913485552L, 31025823L, -958177018L, 1700028632L, 1339298163L, 
-1867960034L, -1788139154L, -1261850927L, 1965138768L, -544903283L, 
2072782658L, 406051844L, 455257072L, -1717770740L, -405083L, 
132748353L, 506714441L, 1780698757L, -685043775L, -310248357L, 
445303664L, 959347624L, -1864840995L, -2099533385L, -876893543L, 
-1091360572L, 1123973167L, -754291057L, -1635871145L, -1675748358L, 
-729293502L, -1676018925L, 2144694828L, 829358386L, -166976249L, 
499033557L, 1378215453L, 1813921370L, -1771240758L, -1025848713L, 
-153398465L, -1090948886L, 1050236442L, 1077579284L, -1861744247L, 
-1176453328L, 835357989L, 1016437333L, -638990701L, -1495329005L, 
849595291L, -1123948526L, -981997248L, -1333985399L, 161692570L, 
-81881387L, -1120180817L, 840706179L, 194784483L, -1596915350L, 
-386130535L, -1202335441L, 772342578L, -1534093105L, -743382007L, 
-1958377597L, 4364912L, 1398397266L, 432647668L, -1262073806L, 
-493079058L, 747473664L, -1216991566L, 1505056438L, 2070385086L, 
1059527144L, -1320072963L, 932447762L, -156623981L, -1914314700L, 
-976424967L, -767494007L, -1759059655L, -1386913511L, -266425450L, 
1427377358L, -732671329L, -29531580L, -171214501L, -1596403433L, 
-1494332055L, -53791911L, -1507920074L, -2041319661L, -1854329430L, 
1719885959L, 785833685L, 541724291L, -829253750L, 1098130114L, 
755565903L, -98488616L, -597015824L, -1620038756L, -248182914L, 
1885975940L, -210608260L, -445718021L, -1546598369L, -1824077503L, 
918872853L, -1207123863L, 924941772L, -2021168544L, -871486084L, 
-681808504L, -1809629002L, -533664670L, 302344495L, 666281981L, 
-1870811661L, -562283265L, -300711005L, -1629444594L, -1334956882L, 
-361636613L, 1235733588L, -883080460L, -1277828362L, -1329089294L, 
-2103117458L, 1473748905L, 144467920L, -276167268L, 74325391L, 
721653352L, 1202558901L, -783625197L, -82191971L, -1896828453L, 
-1159274776L, 1745106380L, -1183041702L, -450032967L, -1318316184L, 
-402096778L, -821140931L, 1305538207L, -1250998724L, 877111154L, 
-1027984612L, 1463140019L, 657566642L, 1788068480L, -1142436984L, 
1901888706L, 564155723L, 1433233362L, 1177856611L, -1788623908L, 
-176254057L, -1734979474L, 110873241L, -1036603317L, -932906763L, 
1128836612L, -2058543313L, -1295973401L, -625012338L, 2054067452L, 
-1219463303L, 1865506420L, 1391644448L, 1673091543L, 856730154L, 
-1051763778L, 1009732001L, 297893328L, 491896911L, -1600640857L, 
-1041892923L, -136769404L, 284089492L, 1535425356L, 406547049L, 
940287435L, 2121376148L, 742142611L, 1772440345L, 2026419890L, 
-2079122036L, 1924240492L, -1960442607L, -183717876L, -2083531267L, 
225624689L, -1391430099L, 1213371670L, -1367883621L, 1466452228L, 
-210421453L, 1813282217L, 267089364L, -1614910193L, 746211287L, 
-2049256020L, 1952977042L, -702914099L, -365946071L, 233095543L, 
-1940919532L, 1247201687L, -1449719773L, 2086403507L, 1084830660L, 
2102865939L, -939542870L, -1234587943L, 1542526986L, -1930877359L, 
1099405557L, 280643327L, 1269410129L, -174837931L, 748003749L, 
1425540754L, 247854185L, -1644019975L, 579778824L, 468461862L, 
1483074597L, -747796728L, -2137503914L, 4581264L, 785056149L, 
-980612251L, -1082889349L, 1382117141L, 1627155149L, 1695439354L, 
2066465610L, -1391338269L, -961705871L, 1318138535L, 1853871539L, 
1473761223L, 932737309L, -910057009L, -904314107L, -1657290691L, 
13992709L, 1335134781L, -2033392540L, -1820443074L, 1777089993L, 
-962085577L, -154527777L, 883262922L, -621115638L, 1848891308L, 
-675602889L, -1482463844L, -143916843L, -104305480L, -1733326526L, 
-154211342L, -1505734487L, 1727618035L, 1544696703L, 602217013L, 
1730434982L, -1524744544L, -2111702563L, 1157086458L, 961798664L, 
791536410L, -631657849L, 1572412767L, 169162964L, -879681142L, 
781007696L, -1153809667L, -1701118724L, 332084190L, 1782153808L, 
-2002247041L, 1421015915L, 1761933056L, -1073503749L, 1580483678L, 
-699000994L, 670567730L, -2009391557L, -449674447L, 754573981L, 
615935929L, -1633986915L, -584996183L, 878046137L, -1418590024L, 
1624628171L, -996052062L, 1974683007L, -694175399L, -520702295L, 
-76873044L, 1863821843L, 2064454218L, 774363629L, 1254734102L, 
1998491029L, -197759242L, -721873827L, -1207718721L, -1515742375L, 
-1158557621L, -1870459589L, 517257934L, 1202478796L, 679272322L, 
-821249278L, -1278459682L, 1964625487L, 773239161L, 791359603L, 
1556649675L, 561385398L, 105076413L, 1732500437L, 844855726L, 
-1189095688L, -1762848700L, -1336489943L, 919055440L, -137130941L, 
-1144769707L, -266954569L, -681169087L, -1886466401L, -1343412835L, 
1890125515L, 1004628671L, -247044407L, -1105948527L, 899197336L, 
2040365713L, -1968680966L, -1957897965L, -978963642L, -930115235L, 
1915576134L, 1579450025L, 1292569617L, 776573421L, 1045595315L, 
1272154677L, -1330171592L, -783820126L, 443786446L, 1393895400L, 
-1405467447L, 2061478185L, 1618712447L, -1326517162L, 660208674L, 
1626406893L, 205250037L, -638480088L, -1896074497L, -1590269174L, 
52111823L, -614772845L, 355701291L, 1979570122L, -1513758332L, 
-1048020580L, -804576137L, 469281934L, -1793663007L, -1367938771L, 
1917101349L, -914580861L, 2008033583L, -1057439616L, 817666561L, 
-1322627152L, 1621511636L, -1379279580L, -1583132926L, 489523281L, 
-413012889L, -1015258743L, 564864981L, -2001421967L, -1801217327L, 
1061168367L, -1696982072L, -1188800667L, -1972987327L, -1985712253L, 
-373584868L, -1182525949L, -423559010L, 848752323L, -1273163849L, 
-2061957511L, -1504276063L, -1909712383L, -370632754L, -1342657904L, 
-958126926L, -1712565148L, -645017444L, 606763583L, -1702232653L, 
747964293L, -687168448L, -2109833589L, 2056927900L, -1504238682L, 
935651071L, -232356112L, 1136757329L, 1660092650L, 1441360769L, 
1276575166L, 1107301108L, 949680289L, -1542606107L, -1004659032L, 
2109615975L, 1393096519L, 195189128L, -207236302L, -434097359L, 
-1736499824L, -284947286L, -17568617L, -1257604226L, 471423183L, 
-114483957L, 1715284503L, -2120443201L, 2129476694L, -1410562278L, 
-703653630L, 497142094L, 1966127944L, -61876254L, 663113674L, 
-1725321614L, -1543949270L, -1098570836L, -554088780L, -839747798L, 
843238566L, 1792787013L, -915346259L, 1311963051L, -1587250900L, 
283048806L, -416286850L, -23082795L, 255767347L, 639685700L, 
823206846L, -693771016L, -382709675L, 134887853L, -2124607164L, 
1713693765L, -119739154L, -1337733941L, -1134169686L, -2114096532L, 
1337457929L, 553887014L, -1426097671L, -1627492331L, -1504354879L, 
-898719362L, -325441193L, -760891074L, 92987228L, -397987385L, 
-689592649L, 439940408L, -694833608L, -689001447L, -1264280279L, 
2043400604L, -567184355L, -1143712453L, -2137670650L, -1691724271L, 
-271058973L, -227326517L, 1098243593L, -643444494L, 1167917292L, 
-411716532L, -1117561811L, -1094905992L, -1962092056L, 1975184601L, 
522478848L, -833937839L, -1617105033L, -1107098430L, 1585340281L, 
-1269929762L, -74012726L, 729658649L, -1570826429L, 1163029581L, 
860360436L, -194455404L, 1322827579L, 212266455L, 1821674510L, 
1739382562L, 1512223535L, -805547110L, 1042387178L, 1406265206L, 
-1904447900L, -1086851992L, 1870820117L, 1451073841L, 1786900696L, 
