.Random.seed <-
c(403L, 10L, 498157149L, 634349911L, -438733762L, -1421256584L, 
406258523L, -984580423L, 1550996232L, 192129462L, 2044147441L, 
-1577131741L, -246910094L, 822196676L, -86933113L, -1373947043L, 
2136175956L, -1891158150L, 426120901L, -1231529953L, 1933557670L, 
846348592L, -1502356525L, 919470577L, -675707104L, 435343806L, 
337633737L, 29382011L, 929809226L, 701957036L, -925308241L, 839211109L, 
-1338517476L, -1905576334L, -1097987859L, -368228057L, 2137994574L, 
-1094773336L, 1324069291L, -1842558263L, 161135320L, -28326010L, 
1824971361L, -1343880205L, 725440098L, 724857044L, -1873151529L, 
222424013L, -810967196L, -1607693494L, 167926453L, 738142735L, 
819718934L, 1135101376L, -408644221L, 1967135649L, -1269849200L, 
-1479098258L, 1362036249L, 1281746603L, 1749326490L, 1818691164L, 
-1058909345L, -764916427L, 1238039756L, 698779170L, 2086959229L, 
1877229943L, 311881374L, -1141613224L, -1707111237L, -1628212647L, 
535648744L, 1725324310L, 1218520977L, -962385853L, -42758318L, 
-1154173980L, -1135064537L, -416365955L, -2021934220L, 1876612954L, 
-569159259L, 672222655L, -1827754426L, -1887634224L, 348854003L, 
1494913041L, 2065339968L, -1172194786L, -2118044439L, 1320369691L, 
-1513292246L, 149397836L, -751498481L, 1493966405L, -1473107972L, 
-2024145326L, 2099684301L, -443576953L, 2094090350L, 1865617480L, 
40346187L, -876707927L, 861753080L, -456865242L, -890805439L, 
1311410387L, -615666558L, -152958284L, -1857741257L, 179324205L, 
-388616636L, 152777578L, -924966955L, -5076625L, 434193526L, 
1024429984L, 2121488483L, 1874984193L, -1631104912L, -1416561650L, 
1827347577L, 1503898635L, 842417466L, -411282372L, 2096358271L, 
-1793183531L, 915834092L, -1776083390L, -934579811L, 1451500567L, 
1151564158L, -271671496L, 1649924123L, 1342167417L, -723451960L, 
-3365898L, -1669466575L, -16723869L, -224399310L, -655520380L, 
-387091513L, -1059735907L, 914546196L, -922442566L, 1993740549L, 
-675376417L, -1471627418L, 1859770096L, -519688685L, 553379761L, 
1003172448L, -992931842L, 531545993L, 1696585915L, 1284084874L, 
-501127316L, -1502792465L, 1235574565L, 1350568412L, -1183074382L, 
-1566359891L, -1884129689L, 859784590L, 682766952L, 595111531L, 
1666942985L, -1126435176L, -1757253178L, -1540972255L, -994217549L, 
1264192802L, 830809876L, 658448279L, 2039578509L, -1094057308L, 
243338378L, 945398517L, 737051983L, 262148694L, 858272000L, 1917224003L, 
-334592031L, -987207856L, -1366926930L, 1032050521L, -743383701L, 
731612378L, -778269284L, -1544572513L, 82613237L, -86588788L, 
-1355036830L, -479545539L, -6123593L, -322233250L, 1788432792L, 
1008317691L, -607584103L, 880374056L, 2111506390L, 513451089L, 
-2124558589L, -1290058094L, 518833188L, 1075088103L, 1116856125L, 
-764977228L, 932135962L, -544235675L, -1160691201L, -1939272570L, 
505352208L, 474043059L, 261411153L, -431443712L, -1934429218L, 
-1014095831L, 603109339L, 614081770L, 674038412L, -919134769L, 
-1453764219L, 640903740L, 2081525522L, 2094986253L, -1515765945L, 
-853476050L, -633892972L, 1218245330L, 445615712L, -427629236L, 
-1597401824L, -572018046L, -1447925272L, 514377708L, -210471364L, 
-1978904974L, 466502512L, 2005158180L, 344224312L, -1151311462L, 
-1267660336L, -1975059012L, -1527789420L, -901178238L, -1298405952L, 
1198433084L, 517797008L, 1664893730L, 763760136L, 1657842956L, 
-625756772L, 1928388114L, -297825408L, 1391870740L, 1534226728L, 
1500376122L, 559885264L, -705035668L, 9239092L, -526714222L, 
-986210976L, -806966964L, -944449568L, -251914846L, -1936433752L, 
-1518836084L, -1978851908L, -596251022L, -1942987792L, 431453764L, 
696309848L, 818092090L, 177653872L, -1216743364L, -355821292L, 
327631554L, -682094880L, 1034389628L, 1937403600L, 884816290L, 
959868968L, -1550410996L, -811036228L, 1987818290L, -1687127360L, 
1586480180L, 1094719176L, -1228155718L, -274762096L, 495095532L, 
-76068268L, 1799398034L, -1340325600L, -640103988L, 920994528L, 
-1770784574L, -428461016L, 1393850284L, -2050563396L, -1164809230L, 
1408175664L, -1025816668L, 1839017400L, -1087707302L, 136884368L, 
1692967804L, 1013518612L, 163572034L, 1982982400L, -2004783684L, 
-1709684400L, 752748834L, -2122620344L, -1031591924L, 895641180L, 
1631390162L, 960802304L, 477216084L, 1032064232L, 473041146L, 
27557584L, -330314964L, -221239052L, -1425497710L, -1907776160L, 
973296652L, -200471328L, -2144554398L, -325524312L, -1813789620L, 
1736720252L, 1820080434L, 437305968L, -2116373692L, 1535359960L, 
586853242L, 833411120L, 1725956028L, 1510099540L, -775065534L, 
-1247336800L, 1071489724L, -53517360L, 1238717794L, 1958035176L, 
-10101556L, -296437252L, 179281394L, -92775296L, -1293346316L, 
-1900993912L, -157672646L, -1130404528L, -860838804L, 330149268L, 
936290386L, -474145312L, -1700899636L, -1554129248L, 472674690L, 
82198760L, -119608596L, 620862780L, -1215240078L, 1307673200L, 
-1574643164L, 363563064L, -1753810662L, -1478630192L, -482551492L, 
-990055532L, -850987134L, 707521472L, 2057336380L, 189956496L, 
1296214050L, -1262375672L, -1355478900L, -2016751844L, 255564946L, 
-819425920L, -2089603052L, 1270654760L, 845448762L, -1024931376L, 
-1951194772L, 1250139060L, -1270255086L, -511281184L, 197663180L, 
-222275360L, 1280611362L, 711064360L, -1267881460L, 1248351036L, 
-741038094L, -407870736L, 2055793220L, -453126568L, 1288189754L, 
774191088L, 993561276L, -1765399276L, 1120758978L, -1199338400L, 
737664380L, -1652514864L, -1586493150L, 377220776L, -2002968692L, 
-2013035332L, -741166286L, -1906911680L, -928664396L, 688311368L, 
1957662138L, 256260624L, -690287380L, 881144148L, -1677321454L, 
1329579424L, 469840588L, -1116222880L, -1965545534L, -597236952L, 
586203564L, -233949892L, -1137556622L, 1123403056L, 983490340L, 
-861756104L, 1948845786L, 1167185808L, 352101116L, 1810414484L, 
-1679834046L, 776539392L, 1072562236L, -1186869936L, 1671738530L, 
44170056L, -822857972L, 306310876L, 77596498L, -1658468736L, 
2090397780L, 1440728040L, -536171782L, -927003312L, 806999852L, 
-2102293644L, -2030828654L, 1421593184L, -1583285104L, -843707335L, 
1227506923L, 236787164L, -2072273910L, 1927117567L, -962645175L, 
-1473460002L, -1978255732L, 581059165L, 750796903L, -1577362032L, 
236449198L, 76527707L, -457887683L, 223225514L, -1820933304L, 
71632753L, -1543425821L, -1785436188L, 198065938L, -1513069849L, 
1527186609L, -2042501386L, -1148767980L, -1381407195L, -612369617L, 
-788730648L, 1658310L, -478102413L, 760075989L, 333474994L, 1978638464L, 
525110377L, -1280403237L, 358681644L, -1260751814L, 405922543L, 
-1413800583L, 998396430L, -1203297316L, 1300466765L, -74145865L, 
-1315962560L, 834955294L, -1242489109L, 113757805L, 1849628378L, 
-1123465576L, -749736703L, -388902221L, -649617964L, 978418914L, 
-198601353L, 1917783233L, 1645736006L, -846692476L, -505636555L, 
-752613601L, -194286984L, 829779798L, 1683885539L, -613375067L, 
-1550036414L, -1482731472L, -70245287L, -1347774005L, 1200282172L, 
401134698L, 812369567L, -1065940183L, -1271969858L, -397347156L, 
400047101L, 1277563719L, 1406227504L, 36582734L, 1166486907L, 
635984605L, -1538352374L, 171219496L, -998124911L, 1241027203L, 
1521046404L, -2061239886L, -1904433401L, -2001509039L, 1596550358L, 
92621236L, -1370645051L, 1167625487L, -932717688L, 1427571366L, 
-2031037869L, 995212213L, 1115506962L, -1816028448L, 558534473L, 
-1803361925L, -396489652L, -1388843558L, 200560591L, -558386791L, 
1719714222L, 1479933628L, -56987859L, 1725418711L, 220083488L, 
294216318L, -896422837L, 615726669L, -1871993734L, 1733313720L, 
1554394721L, -477981677L, -1104993740L, -1858091966L, -1189643177L, 
776837025L, 1164716134L, -1297616796L, -2138993771L, -1990509377L, 
882371672L, -1239492490L, 540690563L, -1112561467L, 1772234210L, 
895585360L, -1103633031L, -98608469L, 1212809756L, -16818870L, 
-85703361L, 480494473L, 459373470L, 369678924L, 1894169629L, 
203101607L, 826599632L, 870087278L, 433005851L, -811327875L, 
