.Random.seed <-
c(403L, 142L, 1337631237L, -2057064988L, 2012178310L, 1338851755L, 
1309108488L, -866431719L, 463864233L, 1560259689L, 823706964L, 
618561291L, 1630747878L, -1950772134L, -1949519563L, -444930304L, 
-1483138962L, -1531380780L, 618782810L, 465871895L, 1396879162L, 
-380184584L, -366572961L, 1466446578L, 1538162695L, -858135884L, 
462679416L, -1884996667L, 1061088345L, -900649359L, -1246707784L, 
1517037865L, 481128946L, 1152078386L, -1331285962L, 1497657516L, 
703118892L, 1677417560L, -1959563790L, -550092619L, -1608878710L, 
1737050774L, -210054627L, -469230189L, 455073308L, 825648228L, 
2032596062L, 1104525942L, 430599721L, -1263856835L, 1983575475L, 
1456942348L, 1065722103L, 976225243L, -782448008L, 1099971223L, 
-1578353657L, 801851367L, -932325034L, -1893291261L, -596307271L, 
-1841498751L, 419446071L, 1000174019L, 1106821142L, 133530117L, 
-2145993221L, -1612577258L, 947631926L, -1808590129L, 402399695L, 
693357297L, 79970906L, 1447248679L, 1725135169L, 827769111L, 
1492626721L, -1259934053L, 1867500825L, 809425536L, 2072294709L, 
1178001554L, 2057962164L, 1148089908L, -736427527L, 722669120L, 
-1156205399L, -1730275979L, 1837136688L, 1607344126L, 1842824907L, 
191795245L, 457453053L, 467881456L, -1450233570L, 144145362L, 
124132761L, -1545092136L, 1743607095L, -936235520L, 1899505199L, 
-227178396L, -648152243L, 1512987965L, -1223823145L, 1747215708L, 
1090693162L, 6537092L, 992289279L, -513987642L, 684293529L, 1830927770L, 
987927299L, -530929381L, -1024231858L, -2131737004L, -893034883L, 
642554585L, -1711769039L, -144111345L, 773813424L, -130113855L, 
-595342834L, -202442901L, 1297050938L, 1783565183L, 1094321566L, 
546853056L, 1419371193L, -1823653749L, -1455541680L, 382234370L, 
-1266470357L, -1686453607L, 865755066L, -1786035859L, -1176604231L, 
1914481083L, -1271443658L, -2120065332L, 842091311L, -909433663L, 
-838220740L, -2006920506L, -232241850L, 1395955526L, 1868982375L, 
224065096L, 1718259782L, 1348493002L, -1899781638L, 1565994725L, 
-1599906087L, 326367136L, -277917694L, 1017740267L, -1137802948L, 
541723530L, 1856314745L, 158934230L, 1742647835L, 157533858L, 
1031848715L, -1409043997L, -1314213032L, 1165776114L, 505590735L, 
1029900914L, 1631888247L, -49931868L, 1580926599L, 223876765L, 
403240619L, 485218374L, 1171481302L, 2065296267L, 1143140591L, 
-1994079040L, 1294181756L, 1583182586L, -1350934711L, -1625950504L, 
-1260799874L, 1735832967L, 577441739L, -2146081987L, 1067859306L, 
826353565L, 1225641707L, 1046257208L, -2067378081L, -248974265L, 
-428705179L, 1286893319L, 1669960732L, -1053124299L, -1229361121L, 
1959043605L, 805605042L, -969395095L, 373646231L, 1775968140L, 
-269128406L, -561868523L, -698661728L, 1504967344L, 293819535L, 
-67579928L, 1656450755L, 1899358512L, -1434454190L, -28585563L, 
-1148694343L, 965724296L, 536942365L, -1613491790L, -66734222L, 
219665839L, 1356359079L, 130403418L, -1014960998L, 794214626L, 
2028798213L, 1542578348L, 538753110L, -591716971L, 259117768L, 
-1412371076L, -620281779L, 1103482115L, -655064617L, -1642631417L, 
-1545484766L, 732042156L, -1766570569L, 58076714L, -853965008L, 
-650577223L, -359470250L, -738883382L, -1329108738L, 1938611462L, 
1527681856L, -228178357L, 115616532L, 122286085L, 1711066205L, 
-1685722333L, 34073385L, 495278342L, -1544339892L, -1339578701L, 
-259573900L, -614619226L, -691001503L, 20360702L, -1969388755L, 
-1828380032L, 1407239570L, -304692259L, -2120057701L, -93868563L, 
-1676270793L, 836659518L, 390205479L, 328667345L, 1194414527L, 
1601833343L, 333066767L, -1534980369L, 779833785L, 1730699335L, 
-2094748757L, 284500315L, 1332611623L, 1655629354L, -975519599L, 
-4823313L, -80585428L, -1022655828L, 805450774L, -911525699L, 
1817648010L, -236771462L, 1087125446L, 1478182786L, 1266998986L, 
-1357863959L, 826042074L, -819547333L, -1464456L, 268635248L, 
883191996L, 609734923L, -1904174804L, -979838087L, 1418498279L, 
-785535297L, 467612329L, 675142340L, 873427426L, -1245985222L, 
1291590621L, -1806374392L, 665144929L, -1261242083L, -271825807L, 
-1406419290L, -921027697L, 364604869L, 810660646L, -440711174L, 
-394114981L, 602374593L, -1815415691L, 1072821553L, 959893653L, 
1584656449L, 477622248L, -978980976L, 5826311L, -1753795797L, 
363370328L, 1574191155L, -1934156581L, -1765268247L, 614352960L, 
931905294L, 932103404L, 115379853L, 2108698292L, 246747937L, 
145207988L, -1880954176L, -470329103L, 1482044077L, 481459664L, 
1412994703L, 140141433L, 209454359L, -704508922L, 579800931L, 
-495324530L, -1789119041L, 599563837L, -993006610L, -1157683639L, 
-791997571L, -1700987561L, 1772692373L, 1034094721L, -691018572L, 
2036579661L, 1608274214L, 1773857539L, -499046879L, -1739636270L, 
-147487075L, 1297239516L, -154024083L, -1336545868L, 404752984L, 
-1741127934L, 190801544L, 283637224L, 936216298L, 1133854303L, 
1373375116L, 1491101539L, 1076797336L, 802292240L, 1528293211L, 
780013038L, 1308856279L, 4922552L, 1690885326L, 1863364542L, 
1863225950L, -1057986983L, -1268072124L, -1080714091L, 1982450001L, 
1080767718L, 1414898789L, -100103316L, 547745122L, 918230953L, 
587925294L, 749480589L, 1166580347L, 1672958464L, 1625600390L, 
-66308069L, -1938517598L, -1424578541L, 722844805L, 739627343L, 
727955172L, -1425793300L, -1987950824L, 384702741L, 617618607L, 
897617173L, -302756959L, 1684195479L, -1423264792L, -1151023096L, 
-1434431078L, 1962343324L, -1640993141L, 1130321234L, -1533457449L, 
1619618036L, -485716280L, -567227556L, -77736028L, 940198100L, 
1500892146L, 967814552L, 2144807475L, -826542905L, -870881560L, 
-875631518L, -1831888969L, 334208141L, -30126787L, -1277827806L, 
-891199715L, -571465804L, 1554427432L, -1378312912L, -1296570554L, 
116649425L, -809058882L, 1016136649L, 1964544759L, 1150526449L, 
-588129404L, -1491653553L, 1953984616L, 962615680L, -1452247930L, 
-527677607L, 788315505L, -1464772325L, 303456713L, 719464720L, 
-2135697318L, -228867051L, 479228801L, 73650888L, -1805722727L, 
177888285L, -1890381666L, -38649598L, -1392045805L, 1237889780L, 
5592656L, 509362299L, 1115803131L, -1039318306L, -1089465201L, 
-357568244L, 826663688L, 1966236528L, 1208806333L, -545997196L, 
448384237L, 79984240L, -91086379L, 4525677L, -1768198030L, 156205574L, 
1627405373L, 629883225L, 239222687L, 342079947L, -459933058L, 
927461865L, 1722867254L, 1801688549L, 1282511072L, 943300187L, 
1460935947L, 218793991L, 1931149389L, 441529319L, 1097453295L, 
-1602764986L, -1555522009L, -1452397135L, 556669281L, 1738867787L, 
513112210L, -500794803L, 2089527377L, -447070706L, 437463336L, 
-995564259L, 349973315L, -556060602L, 1513366466L, -1830392156L, 
1039923072L, -1162142145L, 1395719172L, -1441230724L, -965511454L, 
377042259L, 306686075L, -889918300L, -820962118L, 837909897L, 
-642294374L, 1149222035L, 632532223L, -751099279L, 1068049219L, 
1828991356L, -778843048L, -1106596426L, 1294865833L, 846921799L, 
-1722294620L, -1362497363L, 60084345L, -2008054858L, 506464555L, 
859309035L, -1335775349L, 70240957L, -1500512187L, 2011874177L, 
-114345354L, -1233668228L, -244189749L, -537845789L, 2125492238L, 
-909318520L, -189169517L, 2137934280L, 1393369726L, -80524977L, 
1555599696L, -1853198535L, 671631076L, -171264806L, -2089405115L, 
943496775L, 1078774800L, -969930758L, -1614714586L, -157462351L, 
-880653110L, 472589430L, 916654172L, 913228505L, -589023201L, 
680336715L, -88411083L, 1416219160L, -1902514570L, 520897998L, 
1088266356L, 580274458L, -1327131049L, -808541393L, -1270277227L, 
-1162161565L, 692500215L, 1840000769L, -265976250L, 1471697693L, 
1668014408L, 132592544L, 302013962L, -270639771L, -5325618L, 
-75335831L, -156266453L, -1655302718L, 899521824L, 570065181L, 
2078263094L, -693475236L, 1412280086L, -1386332291L, -340464868L, 
-782497091L, 1516052271L, 1184934694L, 1437167152L, 2101727672L, 
52300763L, 229725886L, 749766886L, 424284689L, -1533377309L, 
