.Random.seed <-
c(403L, 32L, -166095596L, 2013772730L, -744665595L, -501977121L, 
825886310L, 2138288624L, 1528258323L, 771743921L, 276112224L, 
1235218686L, 1744208009L, -720777285L, 641907082L, -533624724L, 
550431215L, -136764891L, -1746995492L, 1055157426L, 488595373L, 
1761313639L, -2041184114L, -1829593752L, -37667477L, 1135972105L, 
-324378216L, -1030494010L, -677397983L, 1510965939L, -2120429534L, 
748210708L, -1569190249L, -1802444659L, 1294816676L, 1203722122L, 
1055314933L, 1652660815L, -511435434L, -1176020992L, -2059466429L, 
-631782175L, -1601954224L, -968850770L, 85001817L, 1215123051L, 
1793516506L, -2030553956L, 1287839391L, -886180619L, -863586932L, 
-253726622L, 1924030525L, -1485874505L, -533348002L, 71526552L, 
-484035589L, -762773095L, -229490136L, 904213206L, 1170945873L, 
284555779L, -2003276398L, -1557464284L, 1812864487L, 2061695549L, 
930616500L, -123301094L, 458831973L, -379391745L, 1346208134L, 
488634128L, 1095979955L, -724725679L, 1837310976L, -325180194L, 
-2129062103L, -1497945381L, 1284686314L, -128620148L, -708555057L, 
-1302072699L, -960689860L, -898108398L, 823483149L, -1562605497L, 
-1706399186L, 309220232L, 514784907L, -1246547863L, -718988232L, 
45051110L, 223450241L, -800013293L, -804023358L, 1305726068L, 
-1583136137L, 1541348205L, -2100323324L, 377788202L, 1306944661L, 
1831867183L, 444547638L, -297871776L, 1204978851L, -1299148863L, 
532908976L, -923701554L, 1854491705L, 752800331L, -533592070L, 
-1185807620L, 918980415L, -7329771L, -1300522196L, 445444098L, 
7396061L, -1543142953L, 948948158L, -462534920L, 1149433051L, 
2121230137L, 1421480584L, 1495922230L, -2100844943L, -1224977245L, 
-69935630L, -1895682748L, 1848741383L, 1522265053L, 1739326676L, 
406608890L, 586033989L, 1852567455L, 1684792614L, 1998859696L, 
1809081939L, 1138041201L, -339343200L, -1671137218L, -1330245815L, 
-778455557L, 1371912650L, 1695758124L, -1679767761L, -788773403L, 
-580204388L, -444498702L, 1472935277L, 1087910567L, 427629774L, 
1144795688L, -1032936917L, -955135927L, -1870055080L, 1781694470L, 
-137489951L, 1046338419L, -1923747870L, -824498348L, -966710697L, 
-876484019L, 538660324L, 212838346L, 1596516917L, -72322929L, 
-1491308138L, -705041088L, 400138243L, 324313633L, 1743168784L, 
221702894L, -1979525479L, -1362700501L, 512463386L, 1301377244L, 
1063382239L, 1196235445L, -1340797876L, 1420169378L, -409776131L, 
-2098287369L, 1698814494L, -1720929064L, 954198075L, -887893543L, 
-900544664L, -555005290L, 1284387857L, 2073781699L, 89958866L, 
872128612L, -520790105L, 931737853L, -1539988236L, -423328806L, 
1006073637L, -1255522753L, 1300096454L, 394199632L, -1811079565L, 
-1155378543L, -1466791232L, -350753634L, 2009677929L, -1540146021L, 
487028138L, 1519334860L, 481327247L, 167786693L, 703756412L, 
1600599250L, -389280691L, 2060893447L, -960585490L, -2133741112L, 
-1305831733L, 778315561L, -1382125704L, 2136118438L, -1029556543L, 
-1132179629L, 1812868098L, -1255614156L, 713241271L, -229585235L, 
-736731196L, 209545194L, -650434475L, 1933958352L, 30071612L, 
1568073620L, -530141310L, -499681856L, 712475196L, -1126876784L, 
1179859490L, -1838486264L, 1751693964L, -1296148708L, -1458425710L, 
-1295818368L, -637484524L, -1652628696L, -1264458182L, 1663031760L, 
2038584684L, -742558796L, 1386716178L, 395153888L, -1182014516L, 
513093856L, 1820387362L, 1586044200L, -1787808244L, 470065980L, 
330290162L, 1918254832L, 1457605188L, 74411608L, -292940998L, 
-846622224L, 36748988L, -1952113388L, 1855610562L, 659038304L, 
-2140887172L, 1579113424L, -355443422L, 547661480L, -1277129844L, 
-958808900L, 1055582002L, -2072284608L, -258369356L, -1143567800L, 
-2087551558L, 1361506832L, -1207984404L, -375657132L, -1014205166L, 
1002502560L, 156393164L, 921716320L, -1322912830L, 1736262440L, 
1146387372L, -907112644L, 398884210L, 2013654832L, -1314015964L, 
-162931912L, 1598226138L, -1472593008L, -2064819460L, -1450781804L, 
-1893658558L, -21716736L, 1248941116L, -1655306928L, -1279041374L, 
-1901208248L, -412927220L, 1278444252L, -422428334L, -1230217088L, 
-88961964L, 1291582440L, -1892281094L, 1061732176L, -1059123412L, 
-246629004L, -587997294L, 1215757408L, 1462211980L, -2038199456L, 
-289135134L, 332587944L, 1734762700L, -1751122948L, -277999182L, 
584064496L, 791887812L, 1989730648L, 1359328634L, 567066544L, 
1940493756L, -2077465516L, 331810754L, -1884342240L, -124860228L, 
-441461168L, -1902219294L, -5932952L, -1857298356L, -710720260L, 
1033869298L, 515017984L, -1266813580L, -649254904L, -803736646L, 
2060641744L, 1050783724L, -1084584556L, -1823925806L, -1516928672L, 
-1822332084L, -1750599392L, 137410434L, -1262745880L, 184471788L, 
1825716284L, -1162711182L, 761065072L, -51356636L, -310405320L, 
296551578L, -999324976L, 1164167356L, -927996268L, 1680510594L, 
-1811584832L, 1645240124L, -444596080L, 1099318818L, 848645128L, 
-169857780L, 633568412L, -1220640238L, -1586850944L, 498521620L, 
680871464L, -1017303750L, 1460745680L, -1638375316L, -2127661772L, 
127845010L, -1639733408L, 1064394572L, 1133821920L, -1121784926L, 
506477480L, 464853388L, 187520188L, 1890607474L, 344826096L, 
-1963139004L, 2138025304L, -429841862L, -2055835792L, 1419828284L, 
-1886938348L, -1180781118L, 1523656416L, -216108164L, -965750064L, 
1643914402L, -660256728L, 288397580L, 1810179004L, -354052814L, 
-617410112L, 1394922036L, -1782028344L, 77829306L, 944781712L, 
461251052L, 1702202964L, -372978542L, -462406880L, -1180945972L, 
-1113076256L, -642851134L, 2032009256L, -731042132L, -1318473540L, 
372389362L, -1517507280L, 1947686052L, 739267256L, 676137306L, 
1569436048L, -1196671108L, -890849004L, -1813938366L, -1327063296L, 
1120576444L, 1888619344L, -789024990L, 1090667848L, -855964148L, 
-973950884L, -680372014L, -2051947008L, 340003156L, -489425432L, 
180057082L, -722027312L, 1798416684L, 480564980L, 1557419410L, 
1628356704L, -332020468L, 713118432L, 1068348770L, 968108712L, 
2133660236L, 1028156796L, -1450659534L, -139117456L, -1668996284L, 
-1007502888L, -2036495238L, 981769776L, 65680060L, 15280980L, 
224856445L, -2069262486L, 1023187464L, 411934385L, -796657373L, 
-1579128284L, -449412910L, -631359193L, -1847102607L, -695402058L, 
-1125320364L, 692959205L, -1030700561L, 1367632168L, -1895923322L, 
685149619L, 1673744661L, -1931844750L, -911716416L, -131571671L, 
950615195L, 1781168492L, 361378170L, -1995750737L, 1764612537L, 
1023755214L, 366115612L, -394014067L, 340908791L, -251326976L, 
615000158L, 329630507L, -1714941907L, -1764607846L, -1946735528L, 
-1475560511L, 1431000179L, 1960312212L, 176784418L, 905605943L, 
1782011393L, 112293638L, -1636938940L, -1123844491L, -1686568993L, 
2017022776L, -1772620522L, 420612387L, 1541780197L, 661347074L, 
-1326108304L, 27056409L, 861575435L, -1955988996L, 249598506L, 
2091287135L, 713155049L, -149951746L, -146996500L, -1784491459L, 
1791357447L, 170866160L, -1418898034L, -965620805L, -754367075L, 
1431251786L, -1266782360L, 1223524689L, -1004121533L, -1036789948L, 
-840672270L, 646828487L, -313686127L, 1148538646L, 324311924L, 
1147134469L, -910462385L, 1736945224L, 343805926L, 1921614099L, 
663465589L, 351216722L, -527307104L, 1521126281L, 696276923L, 
-1422682100L, -1383893606L, 208958735L, 91388761L, -517904914L, 
-1030758276L, 2091721965L, 1653732247L, -898257824L, 1396952638L, 
-1453447413L, 1791532429L, -2132236614L, -666483464L, -811642207L, 
-1937755565L, 455101812L, -112336126L, 79496087L, -1889819295L, 
35268006L, -596682844L, -332803499L, 912827135L, 374482840L, 
-1712002890L, 1297726787L, 1060445317L, -597039838L, -1625936368L, 
795938233L, -1064300949L, 917225820L, -902006646L, -838963073L, 
-492789303L, -1015422370L, 1646967052L, 1057242333L, 881179111L, 
1911300624L, -546783442L, -116423717L, -441477955L, -1039595990L, 
-1690453304L, -899506191L, -56176285L, -1372389020L, -1202559854L, 
-1407264409L, 737033009L, 1221443702L, 277977492L, 540868005L, 
